rxn02342_c0	-25.764711380004883	2.8753302097320557	1
rxn08734_c0	13.102115631103516	-0.5557231903076172	3
rxn10126_c0	-9.542062759399414	17.957347869873047	2
rxn05040_c0	5.228244304656982	-6.911036968231201	3
rxn06493_c0	14.355161666870117	-1.0665185451507568	3
rxn02376_c0	9.356979370117188	-7.362249851226807	3
rxn00148_c0	-36.51308822631836	-8.806611061096191	1
rxn00781_c0	-37.013214111328125	-8.804705619812012	1
rxn05319_c0	-31.764060974121094	-8.054189682006836	1
rxn00305_c0	-32.33218765258789	-1.3428839445114136	1
rxn02380_c0	12.340283393859863	-1.4990808963775635	3
rxn05145_c0	-30.066389083862305	-2.5503673553466797	1
rxn01872_c0	16.05524253845215	-2.4795894622802734	3
rxn00248_c0	29.01357078552246	-8.473396301269531	0
rxn00392_c0	-15.819040298461914	14.366100311279297	2
rxn00747_c0	29.75094223022461	-8.019207954406738	0
rxn01334_c0	7.991252422332764	-1.7228343486785889	3
rxn00777_c0	26.92374038696289	-9.852572441101074	0
rxn00285_c0	14.872875213623047	-4.4834747314453125	3
rxn01871_c0	-25.764440536499023	2.8753244876861572	1
rxn00786_c0	-35.09700393676758	-8.585463523864746	1
rxn01100_c0	30.52556610107422	-7.055050849914551	0
rxn08527_c0	23.80373191833496	-2.500640630722046	0
rxn01116_c0	-31.692493438720703	-8.013821601867676	1
rxn01106_c0	30.52556610107422	-7.055050849914551	0
rxn01476_c0	-32.538841247558594	-8.14453125	1
rxn01333_c0	-29.66741371154785	-6.813152313232422	1
rxn00011_c0	-25.764440536499023	2.8753244876861572	1
rxn05528_c0	-27.828346252441406	-3.378490924835205	1
rxn00459_c0	-37.013214111328125	-8.804705619812012	1
rxn05209_c0	-29.231239318847656	-7.878432750701904	1
rxn01115_c0	-29.41497039794922	-7.556848526000977	1
rxn09272_c0	-7.5110182762146	16.067550659179688	2
rxn05226_c0	-34.629695892333984	-8.161128997802734	1
rxn00785_c0	26.919780731201172	-9.852744102478027	0
rxn00558_c0	-34.12045669555664	-7.618093490600586	1
rxn01200_c0	26.923437118530273	-9.852705001831055	0
rxn01241_c0	-25.764440536499023	2.8753244876861572	1
rxn00288_c0	-9.542062759399414	17.957347869873047	2
rxn00122_c0	-12.887872695922852	17.498947143554688	2
rxn05468_c0	-16.41546630859375	12.169350624084473	2
rxn00441_c0	9.30320930480957	-7.317984104156494	3
rxn06526_c0	24.608781814575195	-13.050048828125	0
rxn00224_c0	13.35439682006836	-0.7479220032691956	3
rxn00604_c0	-32.538841247558594	-8.14453125	1
rxn05467_c0	28.1761417388916	-8.879981994628906	0
rxn00499_c0	-37.01271438598633	-8.804732322692871	1
rxn00545_c0	-35.09700393676758	-8.585463523864746	1
rxn05602_c0	-37.01271438598633	-8.804732322692871	1
rxn02201_c0	-29.087547302246094	-4.9219231605529785	1
rxn00364_c0	-27.779298782348633	-4.812631607055664	1
rxn05440_c0	11.000200271606445	-4.404986381530762	3
rxn01673_c0	-16.76068115234375	11.140181541442871	2
rxn05457_c0	22.164329528808594	-7.796114921569824	0
rxn00107_c0	11.771073341369629	-2.60099720954895	3
rxn13783_c0	-29.794958114624023	-3.0172948837280273	1
rxn07966_c0	10.710332870483398	-2.2702863216400146	3
rxn10231_c0	11.704028129577637	-4.297974109649658	3
rxn12637_c0	12.698373794555664	1.210309386253357	3
rxn01219_c0	12.28388786315918	-3.2311248779296875	3
rxn01218_c0	11.502409934997559	-3.349031686782837	3
rxn10344_c0	13.549513816833496	1.0125526189804077	3
rxn03384_c0	10.123587608337402	-1.2991760969161987	3
rxn02504_c0	13.322013854980469	-3.35461163520813	3
rxn10262_c0	12.43527603149414	-3.716839551925659	3
rxn10209_c0	13.549513816833496	1.0125526189804077	3
rxn08084_c0	12.862578392028809	-3.463979959487915	3
rxn10225_c0	11.502409934997559	-3.349031686782837	3
rxn05444_c0	13.549513816833496	1.0125526189804077	3
rxn05334_c0	10.123587608337402	-1.2991760969161987	3
rxn10205_c0	10.123587608337402	-1.2991760969161987	3
rxn07948_c0	12.047582626342773	-3.997439384460449	3
rxn10228_c0	13.515252113342285	-1.8993258476257324	3
rxn01117_c0	22.42876625061035	-10.254545211791992	0
rxn00001_c0	-32.88405227661133	-8.114316940307617	1
rxn08895_c0	13.008292198181152	-2.525663375854492	3
rxn11268_c0	-29.959613800048828	-1.2787375450134277	1
rxn05647_c0	14.386837005615234	-0.5054149627685547	3
rxn01962_c0	13.315234184265137	-2.2810862064361572	3
rxn05459_c0	12.285690307617188	-0.31080180406570435	3
rxn01682_c0	12.36849594116211	-2.7415385246276855	3
rxn08941_c0	-22.54559326171875	-4.133254051208496	1
rxn03181_c0	-21.4936466217041	-0.2901378273963928	1
rxn02331_c0	-27.406539916992188	1.5912096500396729	1
rxn12846_c0	11.502409934997559	-3.349031686782837	3
rxn00337_c0	-20.111875534057617	0.5410403609275818	1
rxn08308_c0	14.267080307006836	-1.544523000717163	3
rxn05434_c0	11.149253845214844	-4.075348854064941	3
rxn05346_c0	17.297195434570312	-3.7712671756744385	3
rxn08127_c0	-22.54557228088379	-4.133280277252197	1
rxn05386_c0	14.088238716125488	-2.099780321121216	3
rxn05516_c0	12.340283393859863	-1.4990808963775635	3
rxn09206_c0	12.340283393859863	-1.4990808963775635	3
rxn08017_c0	11.660139083862305	-0.31953272223472595	3
rxn09209_c0	12.142046928405762	0.09897946566343307	3
rxn07951_c0	12.671173095703125	-2.707726001739502	3
rxn06672_c0	-24.53825569152832	-1.2725422382354736	1
rxn02400_c0	12.340283393859863	-1.4990808963775635	3
rxn01268_c0	13.606014251708984	-1.5389047861099243	3
rxn01974_c0	26.788410186767578	-9.776376724243164	0
rxn12641_c0	10.805805206298828	-2.9359118938446045	3
rxn00060_c0	-13.386641502380371	18.387832641601562	2
rxn05350_c0	11.681721687316895	-9.9761962890625	3
rxn07965_c0	12.537354469299316	-0.31373804807662964	3
rxn09198_c0	13.55246639251709	-1.1790971755981445	3
rxn05064_c0	13.86176586151123	-2.617837429046631	3
rxn05569_c0	-34.289955139160156	-3.1803252696990967	1
rxn00100_c0	12.340283393859863	-1.4990808963775635	3
rxn00514_c0	12.340283393859863	-1.4990808963775635	3
rxn02374_c0	11.238602638244629	-0.891864001750946	3
rxn05390_c0	11.751669883728027	0.8755660653114319	3
rxn05560_c0	13.40842342376709	-2.9568123817443848	3
rxn05437_c0	12.340283393859863	-1.4990808963775635	3
rxn05298_c0	26.43207550048828	-10.223477363586426	0
rxn02264_c0	-11.760109901428223	18.569581985473633	2
rxn09202_c0	-22.971935272216797	-0.43415379524230957	1
rxn03903_c0	12.340283393859863	-1.4990808963775635	3
rxn00097_c0	-29.25455093383789	-5.210439682006836	1
rxn02212_c0	-15.786503791809082	14.179413795471191	2
rxn00695_c0	-27.82769203186035	-6.5270609855651855	1
rxn05324_c0	13.799623489379883	-0.6362477540969849	3
rxn10481_c0	-27.829580307006836	-3.378988742828369	1
rxn00692_c0	23.533388137817383	-5.114914417266846	0
rxn10230_c0	12.340283393859863	-1.4990808963775635	3
rxn00913_c0	11.15539264678955	-1.743773341178894	3
rxn00460_c0	-32.77414321899414	-6.86511754989624	1
rxn03958_c0	24.608781814575195	-13.050048828125	0
rxn00131_c0	22.276039123535156	-7.317697525024414	0
rxn05329_c0	11.681721687316895	-9.9761962890625	3
rxn03174_c0	14.16418743133545	-0.02926483191549778	3
rxn05617_c0	12.340283393859863	-1.4990808963775635	3
rxn12638_c0	11.067961692810059	-0.5283329486846924	3
rxn01354_c0	19.055707931518555	-9.884349822998047	0
rxn01445_c0	12.003279685974121	-2.673478603363037	3
rxn00612_c0	-26.092275619506836	-10.225286483764648	1
rxn08766_c0	11.682464599609375	-9.976178169250488	3
rxn05539_c0	-32.79734420776367	-0.1878700703382492	1
rxn05461_c0	17.594087600708008	-6.48730993270874	0
rxn10222_c0	10.772506713867188	-3.5167276859283447	3
rxn10263_c0	11.007596969604492	-2.732128620147705	3
rxn00300_c0	15.223678588867188	-8.534065246582031	0
rxn08153_c0	11.21178150177002	-0.9482089877128601	3
rxn08551_c0	10.182913780212402	-3.2573740482330322	3
rxn09111_c0	8.13796615600586	-3.113110065460205	3
rxn05607_c0	10.398876190185547	-3.6585237979888916	3
rxn05348_c0	10.45291805267334	-4.259972095489502	3
rxn05435_c0	9.194440841674805	-0.6325916051864624	3
rxn00907_c0	-13.592105865478516	18.039287567138672	2
rxn05458_c0	17.591196060180664	3.3743326663970947	3
rxn01644_c0	-34.48796081542969	-9.124079704284668	1
rxn05450_c0	11.48643970489502	-2.4006264209747314	3
rxn12847_c0	11.414443969726562	-2.283737897872925	3
rxn05443_c0	12.75268840789795	2.114922046661377	3
rxn09114_c0	12.390178680419922	2.0500760078430176	3
rxn10208_c0	11.185358047485352	0.15700644254684448	3
rxn05345_c0	-28.606136322021484	1.6970782279968262	1
rxn10204_c0	11.148824691772461	-1.8773698806762695	3
rxn01643_c0	-20.111875534057617	0.5410403609275818	1
rxn04457_c0	13.126976013183594	0.1812150478363037	3
rxn06937_c0	-20.10980796813965	1.5253533124923706	1
rxn00708_c0	11.596652030944824	-0.5693703293800354	3
rxn10113_c0	-14.781661987304688	17.467512130737305	2
rxn00029_c0	-16.552692413330078	11.738237380981445	2
rxn06673_c0	-24.538490295410156	-1.272688388824463	1
rxn12646_c0	11.227519989013672	-1.1627243757247925	3
rxn05448_c0	12.881572723388672	-0.35073405504226685	3
rxn05446_c0	9.5689058303833	-2.6838200092315674	3
rxn05150_c0	-12.887872695922852	17.498947143554688	2
rxn05398_c0	10.76882553100586	-2.2276086807250977	3
rxn09562_c0	-30.91671371459961	-8.323923110961914	1
rxn07964_c0	11.361994743347168	0.330992192029953	3
rxn00555_c0	25.50096893310547	-7.7215681076049805	0
rxn03080_c0	5.228244304656982	-6.911036968231201	3
rxn10237_c0	10.431437492370605	-2.8562498092651367	3
rxn12644_c0	9.139348030090332	-0.6700001358985901	3
rxn01629_c0	22.1787166595459	-7.6723175048828125	0
rxn13784_c0	-29.794958114624023	-3.0172948837280273	1
rxn08016_c0	17.650482177734375	-6.827035903930664	0
rxn01740_c0	23.533388137817383	-5.114914417266846	0
rxn08022_c0	11.888513565063477	-0.3872302174568176	3
rxn05327_c0	12.660334587097168	0.36311137676239014	3
rxn05655_c0	11.968278884887695	0.41451844573020935	3
rxn03910_c0	-31.504941940307617	-0.7753093838691711	1
rxn07976_c0	9.94973087310791	-0.3734528124332428	3
rxn00237_c0	-34.9510498046875	-6.192749977111816	1
rxn00463_c0	-25.95172119140625	-3.257499933242798	1
rxn08311_c0	-29.642704010009766	1.8979549407958984	1
rxn10264_c0	10.022698402404785	-2.389833450317383	3
rxn10227_c0	10.227940559387207	-2.4256184101104736	3
rxn05336_c0	15.375154495239258	-6.319082736968994	3
rxn09210_c0	-22.971935272216797	-0.43415379524230957	1
rxn07584_c0	9.9675931930542	-4.296915531158447	3
rxn05567_c0	11.19591999053955	-1.561991572380066	3
rxn00132_c0	9.746114730834961	-3.799687623977661	3
rxn01045_c0	8.883601188659668	-3.729719877243042	3
rxn08893_c0	12.711990356445312	0.6469631791114807	3
rxn06864_c0	9.786187171936035	-3.100872755050659	3
rxn08615_c0	-27.82769203186035	-6.5270609855651855	1
rxn12844_c0	14.08841323852539	0.38130325078964233	3
rxn08306_c0	8.411264419555664	-1.517686128616333	3
rxn00206_c0	13.46175479888916	0.04434437304735184	3
rxn05381_c0	10.123587608337402	-1.2991760969161987	3
rxn05340_c0	10.443511962890625	-0.27640411257743835	3
rxn04704_c0	12.230059623718262	1.5569981336593628	3
rxn08546_c0	8.456629753112793	-3.45412015914917	3
rxn01132_c0	10.946040153503418	-0.053242817521095276	3
rxn02916_c0	13.214605331420898	1.7914491891860962	3
rxn12639_c0	10.757612228393555	-0.23622392117977142	3
rxn03159_c0	-21.492427825927734	-0.29726752638816833	1
rxn00647_c0	12.116233825683594	0.8855621218681335	3
rxn00363_c0	10.123587608337402	-1.2991760969161987	3
rxn08128_c0	28.255306243896484	-5.338527679443359	0
rxn01670_c0	9.303180694580078	-4.017572402954102	3
rxn12643_c0	11.486224174499512	0.48042407631874084	3
rxn00411_c0	-35.19148254394531	-8.019918441772461	1
rxn05217_c0	-33.774444580078125	-8.759754180908203	1
rxn03012_c0	9.36310863494873	-3.29202938079834	3
rxn03908_c0	-31.504941940307617	-0.7753093838691711	1
rxn09197_c0	12.838245391845703	-4.439819812774658	3
rxn07963_c0	17.585790634155273	3.366330623626709	3
rxn00831_c0	10.123587608337402	-1.2991760969161987	3
rxn12634_c0	9.62947940826416	-2.262510061264038	3
rxn01255_c0	-15.786503791809082	14.179413795471191	2
rxn05406_c0	10.123587608337402	-1.2991760969161987	3
rxn05485_c0	12.030462265014648	1.2711480855941772	3
rxn01211_c0	-12.428790092468262	18.849245071411133	2
rxn05496_c0	27.5040283203125	-7.112847805023193	0
rxn00527_c0	8.588248252868652	-2.05326247215271	3
rxn05322_c0	11.681721687316895	-9.9761962890625	3
rxn00792_c0	9.274420738220215	-2.204598903656006	3
rxn06445_c0	9.508015632629395	-0.5333986282348633	3
rxn13782_c0	-29.794958114624023	-3.0172948837280273	1
rxn10236_c0	10.123587608337402	-1.2991760969161987	3
rxn05501_c0	10.123587608337402	-1.2991760969161987	3
rxn01509_c0	-27.800296783447266	-1.8228257894515991	1
rxn02011_c0	-20.262847900390625	-0.16729120910167694	1
rxn08528_c0	-15.825139999389648	14.333449363708496	2
rxn01145_c0	10.443511962890625	-0.27640411257743835	3
rxn09205_c0	8.98571491241455	-3.0074563026428223	3
rxn09201_c0	8.947210311889648	-1.4955343008041382	3
rxn08352_c0	-23.449899673461914	-0.14267508685588837	1
rxn02503_c0	-29.087547302246094	-4.9219231605529785	1
rxn05338_c0	8.940093994140625	-2.5310606956481934	3
rxn08310_c0	9.013720512390137	-1.4840457439422607	3
rxn10224_c0	8.88343334197998	-0.8803348541259766	3
rxn05337_c0	18.080881118774414	-0.8610174655914307	3
rxn01653_c0	-30.67417335510254	-5.199497222900391	1
rxn00474_c0	8.497458457946777	-2.6053810119628906	3
rxn03843_c0	-21.77375602722168	0.6851758360862732	1
rxn07949_c0	7.98813009262085	-2.2649614810943604	3
rxn09113_c0	-28.1723575592041	2.102020025253296	1
rxn09242_c0	7.724285125732422	-2.722750425338745	3
rxn05465_c0	-28.606136322021484	1.6970782279968262	1
rxn12845_c0	9.179706573486328	-1.9097856283187866	3
rxn05494_c0	-23.224000930786133	-1.1915724277496338	1
rxn05347_c0	16.163623809814453	-4.134666442871094	3
rxn08126_c0	-33.782997131347656	-6.848257064819336	1
rxn08547_c0	9.196810722351074	2.2175400257110596	3
rxn00113_c0	9.196810722351074	2.2175400257110596	3
rxn00745_c0	9.196810722351074	2.2175400257110596	3
rxn06023_c0	-12.156804084777832	16.790340423583984	2
rxn00611_c0	-28.97661590576172	-7.582031726837158	1
rxn01678_c0	-32.02265167236328	-4.052679538726807	1
rxn02286_c0	-20.902725219726562	0.2673851251602173	1
rxn12640_c0	9.196810722351074	2.2175400257110596	3
rxn00412_c0	-30.487499237060547	-6.763576507568359	1
rxn01573_c0	9.196810722351074	2.2175400257110596	3
rxn00650_c0	-32.800174713134766	-0.18401508033275604	1
rxn00515_c0	9.196810722351074	2.2175400257110596	3
rxn01353_c0	19.05518913269043	-9.884061813354492	0
rxn10235_c0	9.196810722351074	2.2175400257110596	3
rxn12633_c0	9.196810722351074	2.2175400257110596	3
rxn06723_c0	-25.028656005859375	0.6294338703155518	1
rxn08924_c0	-11.559314727783203	17.976367950439453	2
rxn00804_c0	9.176735877990723	-7.487289905548096	3
rxn08020_c0	-29.53291893005371	1.4340004920959473	1
rxn05325_c0	9.196810722351074	2.2175400257110596	3
rxn05207_c0	27.601882934570312	-7.155183792114258	0
rxn11040_c0	-31.549692153930664	-7.9582061767578125	1
rxn05610_c0	9.196810722351074	2.2175400257110596	3
rxn08089_c0	7.124779224395752	-0.3538551330566406	3
rxn02508_c0	9.196810722351074	2.2175400257110596	3
rxn05442_c0	9.196810722351074	2.2175400257110596	3
rxn10207_c0	9.196810722351074	2.2175400257110596	3
rxn10221_c0	9.196810722351074	2.2175400257110596	3
rxn07979_c0	9.196810722351074	2.2175400257110596	3
rxn10203_c0	9.196810722351074	2.2175400257110596	3
rxn00048_c0	15.377697944641113	-6.311965465545654	3
rxn05231_c0	-19.583770751953125	2.7834665775299072	1
rxn09200_c0	9.196810722351074	2.2175400257110596	3
rxn05373_c0	9.196810722351074	2.2175400257110596	3
rxn05330_c0	11.681721687316895	-9.9761962890625	3
rxn00304_c0	-34.94975662231445	-6.16117525100708	1
rxn08552_c0	9.196810722351074	2.2175400257110596	3
rxn02475_c0	15.223464965820312	-8.534350395202637	0
rxn05339_c0	18.082494735717773	-0.8640814423561096	3
rxn05460_c0	17.59409523010254	-6.487244606018066	0
rxn04132_c0	9.196810722351074	2.2175400257110596	3
rxn00714_c0	9.196810722351074	2.2175400257110596	3
rxn10210_c0	9.196810722351074	2.2175400257110596	3
rxn03146_c0	-25.028656005859375	0.6294338703155518	1
rxn00410_c0	-29.903928756713867	-5.592582702636719	1
rxn05342_c0	22.585018157958984	-10.824394226074219	0
rxn00407_c0	-30.830142974853516	-7.113487243652344	1
rxn09110_c0	9.196810722351074	2.2175400257110596	3
rxn05349_c0	16.223743438720703	-3.9305684566497803	3
rxn02405_c0	-27.406539916992188	1.5912096500396729	1
rxn02200_c0	26.117971420288086	-12.874701499938965	0
rxn01672_c0	13.749150276184082	-5.630183696746826	3
rxn05312_c0	-29.605327606201172	-2.9487104415893555	1
rxn05215_c0	-32.4882926940918	-9.160176277160645	1
rxn02285_c0	22.164329528808594	-7.796114921569824	0
rxn03907_c0	-31.504941940307617	-0.7753093838691711	1
rxn09953_c0	9.196810722351074	2.2175400257110596	3
rxn02304_c0	9.196810722351074	2.2175400257110596	3
rxn05436_c0	9.196810722351074	2.2175400257110596	3
rxn05195_c0	-16.229814529418945	12.704816818237305	2
rxn10234_c0	9.196810722351074	2.2175400257110596	3
rxn01208_c0	16.79805564880371	-3.853893756866455	3
rxn00260_c0	-33.763301849365234	-8.757145881652832	1
rxn00461_c0	-21.256162643432617	-0.550285816192627	1
rxn02989_c0	9.196810722351074	2.2175400257110596	3
rxn04791_c0	9.196810722351074	2.2175400257110596	3
rxn10229_c0	9.196810722351074	2.2175400257110596	3
rxn01652_c0	-30.67417335510254	-5.199497222900391	1
rxn05493_c0	-33.98719787597656	-8.79179573059082	1
rxn08715_c0	9.196810722351074	2.2175400257110596	3
rxn05462_c0	17.594087600708008	-6.48730993270874	0
rxn05239_c0	9.196810722351074	2.2175400257110596	3
rxn08312_c0	9.196810722351074	2.2175400257110596	3
rxn01961_c0	9.196810722351074	2.2175400257110596	3
rxn01517_c0	-32.02265167236328	-4.052679538726807	1
rxn10226_c0	9.196810722351074	2.2175400257110596	3
rxn09211_c0	9.196810722351074	2.2175400257110596	3
rxn03141_c0	9.196810722351074	2.2175400257110596	3
rxn05331_c0	10.644655227661133	-6.081484794616699	3
rxn00533_c0	-25.752714157104492	0.6563460230827332	1
rxn08309_c0	9.196810722351074	2.2175400257110596	3
rxn02476_c0	-15.26608943939209	13.998257637023926	2
rxn01512_c0	-25.738431930541992	-5.826879978179932	1
rxn06865_c0	-20.912029266357422	0.08923843502998352	1
rxn04113_c0	-31.4354305267334	-0.5248398184776306	1
rxn00980_c0	9.196810722351074	2.2175400257110596	3
rxn02213_c0	-15.26608943939209	13.998257637023926	2
rxn05441_c0	9.196810722351074	2.2175400257110596	3
rxn07952_c0	9.196810722351074	2.2175400257110596	3
rxn01127_c0	9.196810722351074	2.2175400257110596	3
rxn08548_c0	9.196810722351074	2.2175400257110596	3
rxn05445_c0	9.196810722351074	2.2175400257110596	3
rxn05341_c0	18.082782745361328	-0.8639943599700928	3
rxn05449_c0	9.196810722351074	2.2175400257110596	3
rxn10206_c0	9.196810722351074	2.2175400257110596	3
rxn10202_c0	17.591196060180664	3.3743326663970947	3
rxn12642_c0	9.196810722351074	2.2175400257110596	3
rxn01332_c0	-15.65819263458252	14.517814636230469	2
rxn01351_c0	-27.800296783447266	-1.8228257894515991	1
rxn03909_c0	-31.504941940307617	-0.7753093838691711	1
rxn10233_c0	9.196810722351074	2.2175400257110596	3
rxn02005_c0	-28.606136322021484	1.6970782279968262	1
rxn12635_c0	9.196810722351074	2.2175400257110596	3
rxn05297_c0	28.19632339477539	-8.471209526062012	0
rxn05328_c0	16.933849334716797	2.367225170135498	3
rxn05361_c0	9.196810722351074	2.2175400257110596	3
rxn05323_c0	9.196810722351074	2.2175400257110596	3
rxn01507_c0	9.196810722351074	2.2175400257110596	3
rxn05651_c0	-12.277582168579102	18.810955047607422	2
rxn03638_c0	-28.85814094543457	2.2893474102020264	1
rxn05438_c0	9.196810722351074	2.2175400257110596	3
rxn10223_c0	9.196810722351074	2.2175400257110596	3
rxn10260_c0	9.196810722351074	2.2175400257110596	3
rxn00851_c0	-18.862672805786133	3.2899866104125977	1
rxn00301_c0	-30.5013427734375	-3.1803786754608154	1
rxn09199_c0	9.196810722351074	2.2175400257110596	3
rxn05233_c0	-16.762630462646484	11.138526916503906	2
rxn09109_c0	9.196810722351074	2.2175400257110596	3
rxn05332_c0	16.933849334716797	2.367225170135498	3
rxn07441_c0	-30.488689422607422	-6.766619682312012	1
rxn08550_c0	9.196810722351074	2.2175400257110596	3
rxn08898_c0	9.196810722351074	2.2175400257110596	3
rxn06076_c0	-16.76203155517578	11.139118194580078	2
rxn08890_c0	9.196810722351074	2.2175400257110596	3
rxn10259_c0	9.196810722351074	2.2175400257110596	3
rxn01602_c0	22.971342086791992	-5.761291027069092	0
rxn05223_c0	-31.543434143066406	-1.650425910949707	1
rxn05433_c0	9.196810722351074	2.2175400257110596	3
rxn05344_c0	17.556764602661133	-3.7276337146759033	3
rxn01521_c0	9.196810722351074	2.2175400257110596	3
rxn12636_c0	9.196810722351074	2.2175400257110596	3
rxn00119_c0	-25.957918167114258	-3.258755683898926	1
rxn00063_c0	-29.793169021606445	-3.7583653926849365	1
rxn05149_c0	-12.887872695922852	17.498947143554688	2
rxn08549_c0	17.65459442138672	-6.849651336669922	0
rxn05447_c0	9.196810722351074	2.2175400257110596	3
rxn01466_c0	-23.449899673461914	-0.14267508685588837	1
rxn02008_c0	-21.768638610839844	0.92734694480896	1
rxn05740_c0	-27.82769203186035	-6.5270609855651855	1
rxn09203_c0	9.196810722351074	2.2175400257110596	3
rxn03904_c0	-20.91903305053711	0.08304361253976822	1
rxn02288_c0	9.196810722351074	2.2175400257110596	3
rxn00409_c0	-35.21007537841797	-8.07064437866211	1
rxn08015_c0	9.196810722351074	2.2175400257110596	3
rxn00840_c0	28.91830825805664	-7.502887725830078	0
rxn02518_c0	9.196810722351074	2.2175400257110596	3
rxn10052_c0	-12.887872695922852	17.498947143554688	2
rxn04133_c0	9.196810722351074	2.2175400257110596	3
rxn02517_c0	9.196810722351074	2.2175400257110596	3
rxn05326_c0	11.681721687316895	-9.9761962890625	3
rxn03164_c0	-20.368057250976562	-0.308757483959198	1
rxn10232_c0	8.644136428833008	-5.62743616104126	3
rxn08942_c0	28.25515365600586	-5.338840961456299	0
rxn06729_c0	-25.028656005859375	0.6294338703155518	1
rxn07977_c0	9.196810722351074	2.2175400257110596	3
rxn10570_c0	9.196810722351074	2.2175400257110596	3
rxn08021_c0	9.196810722351074	2.2175400257110596	3
rxn08396_c0	9.196810722351074	2.2175400257110596	3
rxn01485_c0	22.604597091674805	-10.882062911987305	0
rxn09207_c0	9.196810722351074	2.2175400257110596	3
rxn00239_c0	27.505014419555664	-10.128973960876465	0
rxn01329_c0	9.196810722351074	2.2175400257110596	3
rxn10220_c0	9.196810722351074	2.2175400257110596	3
rxn10261_c0	9.196810722351074	2.2175400257110596	3
rxn01964_c0	9.196810722351074	2.2175400257110596	3
rxn06591_c0	-20.10980796813965	1.5253533124923706	1
rxn01519_c0	-32.02265167236328	-4.052679538726807	1
rxn09108_c0	9.196810722351074	2.2175400257110596	3
rxn01513_c0	-25.736196517944336	-5.826884746551514	1
rxn08307_c0	9.196810722351074	2.2175400257110596	3
rxn02474_c0	7.867550849914551	-7.72051477432251	3
rxn12645_c0	9.196810722351074	2.2175400257110596	3
rxn05605_c0	-25.811262130737305	-3.3067402839660645	1
rxn02929_c0	30.064144134521484	-8.728515625	0
rxn09208_c0	9.196810722351074	2.2175400257110596	3
rxn05439_c0	9.196810722351074	2.2175400257110596	3
rxn09014_c0	-25.736196517944336	-5.826884746551514	1
rxn01603_c0	7.424559593200684	-5.286373615264893	3
rxn00686_c0	22.971342086791992	-5.761291027069092	0
rxn09112_c0	9.196810722351074	2.2175400257110596	3
rxn06075_c0	12.659010887145996	-6.02447509765625	3
rxn00689_c0	7.100757598876953	-0.9793519973754883	3
rxn08129_c0	24.262937545776367	-4.2337188720703125	0
rxn05289_c0	-24.76163101196289	0.5148564577102661	1
rxn00117_c0	-32.81153106689453	-6.907695770263672	1
rxn05343_c0	9.196810722351074	2.2175400257110596	3
rxn00493_c0	9.196810722351074	2.2175400257110596	3
rxn00293_c0	-28.85814094543457	2.2893474102020264	1
rxn00367_c0	-27.745044708251953	-4.791635990142822	1
rxn00839_c0	28.654836654663086	-7.451965808868408	0
rxn21857_c0	7.606226444244385	-0.5165848731994629	3
rxn40037_c0	30.06451988220215	-8.729170799255371	0
rxn21862_c0	9.196810722351074	2.2175400257110596	3
rxn39452_c0	-33.04083251953125	-7.302717208862305	1
rxn21859_c0	9.196810722351074	2.2175400257110596	3
rxn24718_c0	9.196810722351074	2.2175400257110596	3
rxn47768_c0	7.347649574279785	-2.0810728073120117	3
rxn10506_c0	9.196810722351074	2.2175400257110596	3
rxn39451_c0	-26.151235580444336	-10.167548179626465	1
rxn21858_c0	11.678686141967773	-6.5048604011535645	3
rxn46694_c0	7.154653549194336	-1.5111981630325317	3
rxn21861_c0	6.492241859436035	-4.551276206970215	3
rxn00154_c0	-27.872716903686523	3.2671709060668945	1
rxn08098_c0	-17.074710845947266	13.630374908447266	2
rxn20627_c0	9.196810722351074	2.2175400257110596	3
rxn43581_c0	9.196810722351074	2.2175400257110596	3
rxn40410_c0	7.8248066902160645	-1.2762387990951538	3
rxn40411_c0	7.988852024078369	-0.6270924806594849	3
rxn15699_c0	8.320625305175781	-0.6083086729049683	3
rxn08502_e0	-35.2545280456543	-8.799385070800781	1
rxn26127_c0	-33.783023834228516	-6.848301410675049	1
rxn05303_c0	-31.229713439941406	0.1255839765071869	1
rxn05244_c0	-31.209157943725586	0.19116568565368652	1
rxn05582_c0	-30.436729431152344	2.7888948917388916	1
rxn05663_c0	-24.87721824645996	0.5692399144172668	1
rxn12666_c0	-11.5433988571167	17.36805534362793	2
rxn09657_c0	-11.559314727783203	17.976367950439453	2
rxn05301_c0	-29.499807357788086	2.0371716022491455	1
rxn05243_c0	-31.523780822753906	-0.9391136169433594	1
rxn09696_c0	-19.71209144592285	2.506004571914673	1
rxn05306_c0	-30.37088966369629	1.3895546197891235	1
rxn05645_c0	-16.224340438842773	12.704422950744629	2
rxn09672_c0	-29.66098403930664	1.5187084674835205	1
rxn05687_c0	-11.84878158569336	17.104711532592773	2
rxn05305_c0	24.232601165771484	-12.868080139160156	0
rxn00068_c0	24.2547550201416	-3.4205081462860107	0
rxn05652_c0	24.2547550201416	-3.4205081462860107	0
rxn08192_c0	8.471065521240234	-0.8323788642883301	3
rxn09693_c0	25.130481719970703	-12.260528564453125	0
rxn05307_c0	-31.067575454711914	0.5265423655509949	1
rxn05299_c0	-27.623376846313477	1.6828364133834839	1
rxn05638_c0	-30.746471405029297	0.9624706506729126	1
rxn05310_c0	15.367923736572266	-3.4710206985473633	3
rxn05669_c0	-31.51626205444336	-0.8300360441207886	1
rxn05508_c0	-30.953474044799805	0.7376750707626343	1
rxn05308_c0	9.196810722351074	2.2175400257110596	3
rxn05300_c0	-31.03142738342285	0.5960516929626465	1
rxn05255_c0	-16.22753143310547	12.70467472076416	2
rxn09678_c0	25.465497970581055	-7.713181018829346	0
rxn09690_c0	24.079788208007812	-14.065449714660645	0
rxn05148_c0	-11.559314727783203	17.976367950439453	2
rxn07917_c0	-29.642704010009766	1.8979549407958984	1
rxn04308_c0	-21.533153533935547	1.231886625289917	1
rxn03917_c0	-28.606136322021484	1.6970782279968262	1
rxn03918_c0	-28.606136322021484	1.6970782279968262	1
rxn01265_c0	-12.14770221710205	16.794885635375977	2
rxn00143_c0	-19.356639862060547	3.3615386486053467	1
rxn08620_c0	-21.040380477905273	-0.6043346524238586	1
rxn03919_c0	-28.606136322021484	1.6970782279968262	1
rxn03150_c0	-12.887872695922852	17.498947143554688	2
rxn03408_c0	-21.32537269592285	-0.516700267791748	1
rxn03916_c0	-28.606136322021484	1.6970782279968262	1
rxn02832_c0	-15.19776725769043	14.270514488220215	2
rxn08240_c0	-11.84878158569336	17.104711532592773	2
rxn02898_c0	-15.21665096282959	14.306669235229492	2
rxn05746_c0	-13.998464584350586	16.541889190673828	2
rxn10868_c0	-12.56608772277832	16.66970443725586	2
rxn08583_c0	-20.5671443939209	0.8684698343276978	1
rxn02897_c0	-11.559314727783203	17.976367950439453	2
rxn00193_c0	-20.561708450317383	0.8672957420349121	1
rxn00350_c0	-12.887872695922852	17.498947143554688	2
rxn12549_c0	-12.950580596923828	18.635787963867188	2
rxn00175_c0	-25.028656005859375	0.6294338703155518	1
rxn03395_c0	-12.544739723205566	16.672056198120117	2
rxn03439_c0	-20.561708450317383	0.8672957420349121	1
rxn06991_c0	-31.504941940307617	-0.7753093838691711	1
rxn12008_c0	-16.22361183166504	12.70435619354248	2
rxn10833_c0	-13.998464584350586	16.541889190673828	2
rxn05736_c0	-20.942502975463867	1.190830111503601	1
rxn03182_c0	-20.131967544555664	0.5731390118598938	1
rxn08318_c0	-29.53291893005371	1.4340004920959473	1
rxn03511_c0	-28.606136322021484	1.6970782279968262	1
rxn00124_c0	-11.546615600585938	17.364437103271484	2
rxn00605_c0	-28.606136322021484	1.6970782279968262	1
rxn03538_c0	-12.30335807800293	18.23771095275879	2
rxn10199_c0	-21.572675704956055	0.04544869810342789	1
rxn09106_c0	-28.1723575592041	2.102020025253296	1
rxn08713_c0	-20.813989639282227	-0.5626747608184814	1
rxn00770_c0	-12.887872695922852	17.498947143554688	2
rxn02774_c0	-12.887872695922852	17.498947143554688	2
rxn16108_c0	-16.224340438842773	12.704422950744629	2
rxn00440_c0	-12.039528846740723	17.834733963012695	2
rxn12225_c0	-7.190959930419922	15.94827938079834	2
rxn02003_c0	-21.556751251220703	0.05111940577626228	1
rxn08954_c0	-20.647367477416992	-0.4705316722393036	1
rxn05471_c0	-30.25980567932129	1.476045846939087	1
rxn08935_c0	-15.968426704406738	13.322441101074219	2
rxn02056_c0	-11.9801607131958	17.663171768188477	2
rxn05029_c0	-12.887872695922852	17.498947143554688	2
rxn03397_c0	-12.950580596923828	18.635787963867188	2
rxn00615_c0	-23.026073455810547	-0.1328635811805725	1
rxn08708_c0	-21.19381332397461	1.3133461475372314	1
rxn03901_c0	-21.185794830322266	0.5814988613128662	1
rxn08711_c0	-21.763059616088867	0.938666582107544	1
rxn08333_c0	-15.623644828796387	14.521807670593262	2
rxn13778_c0	-19.358386993408203	3.360473155975342	1
rxn09686_c0	-19.583770751953125	2.7834665775299072	1
rxn03536_c0	-13.5952730178833	18.031044006347656	2
rxn01739_c0	-15.29471206665039	13.98242473602295	2
rxn10832_c0	-15.824553489685059	14.337547302246094	2
rxn00910_c0	-13.390989303588867	18.382661819458008	2
rxn05497_c0	-24.170169830322266	1.158288836479187	1
rxn03393_c0	-12.950580596923828	18.635787963867188	2
rxn01258_c0	-15.452836036682129	14.495779037475586	2
rxn08233_c0	-7.190959930419922	15.94827938079834	2
rxn06848_c0	-21.55291748046875	1.2145121097564697	1
rxn10484_c0	-30.489280700683594	-6.767597198486328	1
rxn10336_c0	-23.026073455810547	-0.1328635811805725	1
rxn02000_c0	-21.710784912109375	0.4648859202861786	1
rxn02831_c0	-15.266974449157715	13.997645378112793	2
rxn09225_c0	-20.095478057861328	0.12360025942325592	1
rxn01997_c0	-21.672645568847656	0.17963826656341553	1
rxn03130_c0	-20.508060455322266	0.2804850935935974	1
rxn03893_c0	-11.749004364013672	18.563215255737305	2
rxn03396_c0	-12.887872695922852	17.498947143554688	2
rxn08709_c0	-20.577085494995117	-0.44743403792381287	1
rxn02287_c0	-12.28547477722168	18.222753524780273	2
rxn08299_c0	-29.642704010009766	1.8979549407958984	1
rxn01675_c0	-21.065019607543945	0.6885265707969666	1
rxn13360_c0	-14.89102554321289	15.212972640991211	2
rxn08712_c0	-20.14210319519043	0.015481410548090935	1
rxn08618_c0	-20.98112678527832	0.4685046970844269	1
rxn04675_c0	-15.257462501525879	14.004408836364746	2
rxn10094_c0	-11.922375679016113	18.668642044067383	2
rxn08710_c0	-21.175823211669922	1.3159403800964355	1
rxn11946_c0	-12.950580596923828	18.635787963867188	2
rxn00102_c0	-28.606136322021484	1.6970782279968262	1
rxn05514_c0	-11.84878158569336	17.104711532592773	2
rxn00137_c0	-12.2897310256958	18.228111267089844	2
rxn03537_c0	-12.887872695922852	17.498947143554688	2
rxn10163_c0	-20.906633377075195	1.189764142036438	1
rxn00088_c0	-7.510120868682861	16.080455780029297	2
rxn05525_c0	-30.85272979736328	0.8703293204307556	1
rxn02404_c0	-27.406539916992188	1.5912096500396729	1
rxn04139_c0	-12.428790092468262	18.849245071411133	2
rxn01213_c0	-23.449520111083984	-0.14098596572875977	1
rxn08619_c0	-21.717941284179688	0.49622902274131775	1
bio1_biomass	-29.794958114624023	-3.0172948837280273	1
EX_cpd00046_e0	23.37387466430664	-12.24929141998291	0
EX_cpd01030_e0	9.196810722351074	2.2175400257110596	3
EX_cpd00023_e0	-33.74589920043945	-8.486917495727539	1
EX_cpd03847_e0	22.164329528808594	-7.796114921569824	0
EX_cpd15311_e0	22.770246505737305	-11.306014060974121	0
EX_cpd15494_e0	24.262937545776367	-4.2337188720703125	0
EX_cpd00099_e0	24.2547550201416	-3.4205081462860107	0
EX_cpd00027_e0	29.68686866760254	-8.101285934448242	0
EX_cpd03696_e0	9.196810722351074	2.2175400257110596	3
EX_cpd03726_e0	-35.2545280456543	-8.799385070800781	1
EX_cpd03453_e0	29.86851692199707	-7.919170379638672	0
EX_cpd00069_e0	22.73641586303711	-11.231481552124023	0
EX_cpd00156_e0	24.660669326782227	-13.070294380187988	0
EX_cpd00644_e0	9.196810722351074	2.2175400257110596	3
EX_cpd00017_e0	22.20631217956543	-7.533185005187988	0
EX_cpd00082_e0	9.196810722351074	2.2175400257110596	3
EX_cpd00063_e0	24.2547550201416	-3.4205081462860107	0
EX_cpd00039_e0	24.232601165771484	-12.868080139160156	0
EX_cpd00010_e0	23.533388137817383	-5.114914417266846	0
EX_cpd00054_e0	23.629470825195312	-12.48725700378418	0
EX_cpd00215_e0	24.2547550201416	-3.4205081462860107	0
EX_cpd00028_e0	24.2547550201416	-3.4205081462860107	0
EX_cpd00013_e0	-12.887872695922852	17.498947143554688	2
EX_cpd00084_e0	-32.86976623535156	-0.10358452051877975	1
EX_cpd00030_e0	24.2547550201416	-3.4205081462860107	0
EX_cpd00104_e0	24.2547550201416	-3.4205081462860107	0
EX_cpd00138_e0	9.196810722351074	2.2175400257110596	3
EX_cpd00007_e0	22.87476921081543	-5.924110412597656	0
EX_cpd00305_e0	24.2547550201416	-3.4205081462860107	0
EX_cpd00218_e0	5.6670050621032715	-3.663618803024292	3
EX_cpd02227_e0	-19.358386993408203	3.360473155975342	1
EX_cpd00035_e0	25.059206008911133	-13.141003608703613	0
EX_cpd00531_e0	9.196810722351074	2.2175400257110596	3
EX_cpd00264_e0	24.2547550201416	-3.4205081462860107	0
EX_cpd00205_e0	24.2547550201416	-3.4205081462860107	0
EX_cpd00116_e0	9.196810722351074	2.2175400257110596	3
EX_cpd00011_e0	-32.64580154418945	-8.160653114318848	1
EX_cpd00149_e0	24.2547550201416	-3.4205081462860107	0
EX_cpd00012_e0	-29.959613800048828	-1.2787375450134277	1
EX_cpd00064_e0	9.196810722351074	2.2175400257110596	3
EX_cpd00048_e0	24.2547550201416	-3.4205081462860107	0
EX_cpd00971_e0	8.03197193145752	-7.63435173034668	3
EX_cpd00794_e0	22.585018157958984	-10.824394226074219	0
EX_cpd00006_e0	23.8539981842041	-4.638879776000977	0
EX_cpd00119_e0	22.455280303955078	-10.370377540588379	0
EX_cpd04097_e0	9.196810722351074	2.2175400257110596	3
EX_cpd01741_e0	22.77393913269043	-11.314878463745117	0
EX_cpd00118_e0	24.2547550201416	-3.4205081462860107	0
EX_cpd00130_e0	-33.74113845825195	-8.749022483825684	1
EX_cpd00314_e0	9.196810722351074	2.2175400257110596	3
EX_cpd00053_e0	-34.29025650024414	-3.146876335144043	1
EX_cpd00393_e0	22.971342086791992	-5.761291027069092	0
EX_cpd00159_e0	-37.01271438598633	-8.804732322692871	1
EX_cpd00076_e0	9.196810722351074	2.2175400257110596	3
EX_cpd01171_e0	9.196810722351074	2.2175400257110596	3
EX_cpd00588_e0	9.196810722351074	2.2175400257110596	3
EX_cpd00001_e0	27.77239990234375	-9.26859188079834	0
EX_cpd00132_e0	23.47408676147461	-12.353878021240234	0
EX_cpd00067_e0	-36.99931335449219	-8.80448055267334	1
EX_cpd10516_e0	29.868549346923828	-7.919203758239746	0
EX_cpd00357_e0	22.220144271850586	-7.480555534362793	0
EX_cpd00060_e0	22.796689987182617	-11.36467170715332	0
EX_cpd00009_e0	-27.562843322753906	3.8489110469818115	1
EX_cpd00635_e0	9.196810722351074	2.2175400257110596	3
EX_cpd00322_e0	23.87086296081543	-12.661035537719727	0
EX_cpd00018_e0	22.112783432006836	-8.827118873596191	0
EX_cpd00058_e0	24.2547550201416	-3.4205081462860107	0
EX_cpd00276_e0	25.50240135192871	-7.722424507141113	0
EX_cpd00041_e0	29.04070472717285	-8.46218490600586	0
EX_cpd00065_e0	22.199480056762695	-8.858969688415527	0
EX_cpd01017_e0	24.1760196685791	-14.014881134033203	0
EX_cpd00122_e0	9.196810722351074	2.2175400257110596	3
EX_cpd00129_e0	23.306421279907227	-12.176398277282715	0
EX_cpd01012_e0	9.196810722351074	2.2175400257110596	3
EX_cpd00107_e0	24.772611618041992	-13.10430908203125	0
EX_cpd00179_e0	9.196810722351074	2.2175400257110596	3
EX_cpd00051_e0	23.91329574584961	-12.690330505371094	0
EX_cpd00066_e0	23.029682159423828	-11.800355911254883	0
EX_cpd00126_e0	22.97700309753418	-11.71107292175293	0
EX_cpd00033_e0	21.907352447509766	-11.964428901672363	0
EX_cpd00117_e0	22.15259552001953	-8.402113914489746	0
EX_cpd00220_e0	22.971342086791992	-5.761291027069092	0
EX_cpd00034_e0	24.2547550201416	-3.4205081462860107	0
EX_cpd00254_e0	24.2547550201416	-3.4205081462860107	0
EX_cpd00024_e0	29.166088104248047	-8.379951477050781	0
EX_cpd00731_e0	22.48700714111328	-5.2730278968811035	0
EX_cpd00136_e0	24.2547550201416	-3.4205081462860107	0
EX_cpd00161_e0	23.57821273803711	-12.446492195129395	0
DM_cpd11416_c0	-29.79459571838379	-3.01717472076416	1
DM_cpd15302_c0	9.196810722351074	2.2175400257110596	3
EX_cpd00002_e0	22.369104385375977	-10.056138038635254	0
EX_cpd00003_e0	19.132266998291016	-3.0705950260162354	0
EX_cpd00079_e0	25.798458099365234	-12.991497993469238	0
ATP_TRANSPORT_c0	-26.816299438476562	1.1376953125	1
NAD_TRANSPORT_c0	-6.879866600036621	15.81221866607666	2
G6P_TRANSPORT_c0	-29.24630355834961	-3.0484633445739746	1
