CTL0001	-14.641264915466309	29.319673538208008	3
CTL0002	89.33786010742188	10.479543685913086	0
CTL0003	-31.82961082458496	-111.10074615478516	1
CTL0004	108.78643035888672	-34.51750946044922	0
CTL0005	67.86331176757812	49.387725830078125	0
CTL0006	-9.992973327636719	-102.85690307617188	1
CTL0007	-61.35418701171875	-74.99457550048828	1
CTL0008	-55.02262496948242	-71.58809661865234	1
CTL0009	113.9150161743164	-37.047142028808594	0
CTL0010	13.152408599853516	-105.85359191894531	1
CTL0011	80.63359069824219	18.93785285949707	0
CTL0012	-35.83222579956055	-66.93898010253906	1
CTL0013	-68.24591064453125	-37.97083282470703	1
CTL0014	-14.000438690185547	30.044889450073242	3
CTL0015	-85.18047332763672	-19.911487579345703	2
CTL0016	18.219711303710938	-78.3808364868164	1
CTL0017	-110.4232406616211	-3.906095266342163	2
CTL0018	61.67192840576172	32.88164138793945	0
CTL0019	-52.38493347167969	-87.38007354736328	1
CTL0020	75.37026977539062	24.79899787902832	0
CTL0021	-89.67496490478516	41.614112854003906	2
CTL0022	-6.9532694816589355	-98.62937927246094	1
CTL0023	-6.966336250305176	-102.57074737548828	1
CTL0024	51.432621002197266	71.22225952148438	3
CTL0025	5.8558669090271	-99.6944351196289	1
CTL0026	-75.4711685180664	-46.17283630371094	1
CTL0027	-5.593555927276611	-92.04103088378906	1
CTL0028	-4.4997758865356445	50.14850616455078	3
CTL0029	-47.97672653198242	-62.09585952758789	1
CTL0030	-29.151552200317383	-66.2418212890625	1
CTL0031	12.551725387573242	-87.03984069824219	1
CTL0032	21.37410545349121	-5.737945079803467	3
CTL0033	64.92823028564453	21.7640438079834	0
CTL0034	4.551380634307861	3.7754194736480713	3
CTL0035	4.952284812927246	-2.2485551834106445	3
CTL0036	-5.496047019958496	46.01237106323242	3
CTL0037	11.66989517211914	-106.02741241455078	1
CTL0038	-0.4286302328109741	1.8744654655456543	3
CTL0039	6.096999645233154	3.1950905323028564	3
CTL0040	-5.788376331329346	49.72158432006836	3
CTL0041	3.2224013805389404	-1.7968367338180542	3
CTL0042	5.4213643074035645	0.4143507480621338	3
CTL0043	101.9064712524414	-5.090256214141846	0
CTL0044	-104.55223083496094	-18.081687927246094	2
CTL0045	-76.93006896972656	-30.049114227294922	2
CTL0046	86.58806610107422	34.456573486328125	0
CTL0047	101.82678985595703	-22.74030876159668	0
CTL0048	71.41374969482422	29.014429092407227	0
CTL0049	139.47149658203125	5.002544403076172	0
CTL0050	148.791748046875	10.582784652709961	0
CTL0051	34.129119873046875	65.14187622070312	3
CTL0052	-82.24559020996094	-63.31125259399414	1
CTL0053	57.14064407348633	69.59671783447266	3
CTL0054	-18.129409790039062	-31.21040916442871	1
CTL0055	-16.876415252685547	17.366750717163086	3
CTL0056	143.6533203125	11.849184036254883	0
CTL0057	65.4830551147461	50.949398040771484	0
CTL0058	-10.491695404052734	-20.41766929626465	1
CTL0059	62.50027084350586	53.26571273803711	0
CTL0060	143.6757049560547	5.329169273376465	0
CTL0061	56.04709243774414	8.281373023986816	0
CTL0062	0.892620325088501	55.26968765258789	3
CTL0063	-103.8055648803711	-8.138273239135742	2
CTL0064	-55.29358673095703	-88.1885757446289	1
CTL0065	14.557355880737305	-105.73455047607422	1
CTL0066	-95.89449310302734	49.171295166015625	2
CTL0067	-7.925965309143066	-46.838016510009766	1
CTL0068	-34.91163635253906	-67.30079650878906	1
CTL0069	49.23854064941406	73.56527709960938	3
CTL0070	129.77169799804688	-3.3929431438446045	0
CTL0071	116.97289276123047	43.43210220336914	0
CTL0072	15.830955505371094	73.51038360595703	3
CTL0073	-11.585224151611328	66.61051177978516	3
CTL0074	82.85490417480469	-0.836432695388794	0
CTL0075	132.11703491210938	3.2521204948425293	0
CTL0076	97.48129272460938	-28.531023025512695	0
CTL0077	103.45401000976562	-6.922767162322998	0
CTL0078	70.27811431884766	52.061004638671875	0
CTL0079	11.03930950164795	90.18248748779297	3
CTL0080	15.953920364379883	1.638063669204712	3
CTL0081	-83.82605743408203	-64.05078887939453	1
CTL0082	4.080926418304443	56.827911376953125	3
CTL0083	2.6814916133880615	-91.2060775756836	1
CTL0084	-73.44517517089844	-23.257753372192383	2
CTL0085	-76.6424560546875	34.13325881958008	2
CTL0086	-90.31514739990234	65.00041961669922	2
CTL0087	-103.97526550292969	-9.211382865905762	2
CTL0088	-71.65632629394531	-41.1130485534668	1
CTL0089	-75.31361389160156	-27.115772247314453	2
CTL0090	-18.22284507751465	-38.37196350097656	1
CTL0091	-37.21669387817383	-67.16783905029297	1
CTL0092	65.43933868408203	36.61183166503906	0
CTL0093	-72.34612274169922	-44.36411666870117	1
CTL0094	-52.908226013183594	-69.9552993774414	1
CTL0095	-22.286479949951172	-108.281005859375	1
CTL0096	30.05614471435547	59.47462463378906	3
CTL0097	3.470834970474243	-18.99283790588379	1
CTL0098	-18.85201072692871	68.54757690429688	3
CTL0099	-3.9852423667907715	-79.04059600830078	1
CTL0100	61.62446975708008	38.69937515258789	0
CTL0101	-2.438918113708496	-26.408838272094727	1
CTL0102	-13.843321800231934	30.771883010864258	3
CTL0103	112.9134750366211	-36.00672912597656	0
CTL0104	72.42503356933594	54.11220932006836	0
CTL0105	16.94940948486328	95.0417251586914	3
CTL0106	-86.70779418945312	-54.04817199707031	1
CTL0107	-49.781070709228516	-92.87495422363281	1
CTL0108	13.700641632080078	96.11003875732422	3
CTL0109	50.10609436035156	74.62923431396484	3
CTL0110	82.4890365600586	-8.710539817810059	0
CTL0111	-50.06428527832031	-62.541259765625	1
CTL0112	116.78340148925781	42.668575286865234	0
CTL0113	-55.53122329711914	-91.6648941040039	1
CTL0114	-6.6034255027771	-105.60875701904297	1
CTL0115	2.822230339050293	-38.14361572265625	1
CTL0116	3.858243465423584	-34.03205871582031	1
CTL0117	85.41545867919922	-1.1745229959487915	0
CTL0118	70.38825225830078	29.705411911010742	0
CTL0119	89.90495300292969	-42.32875061035156	0
CTL0120	-22.40371322631836	33.61727523803711	3
CTL0121	73.43339538574219	-1.7877005338668823	0
CTL0122	-93.68112182617188	54.31014633178711	2
CTL0123	-94.17865753173828	28.325708389282227	2
CTL0124	7.96921968460083	95.02830505371094	3
CTL0125	-55.91103744506836	-84.92741394042969	1
CTL0126	-56.780860900878906	-76.0750961303711	1
CTL0127	71.7170639038086	52.076786041259766	0
CTL0128	-3.4559426307678223	0.04434029012918472	3
CTL0129	13.053420066833496	-57.17251968383789	1
CTL0130	-112.67682647705078	1.7075774669647217	2
CTL0131	67.39230346679688	50.213260650634766	0
CTL0132	76.53395080566406	38.743465423583984	0
CTL0133	-95.44554901123047	47.75328063964844	2
CTL0134	-91.139404296875	46.46254348754883	2
CTL0135	-3.9622914791107178	-43.752498626708984	1
CTL0136	-73.95085906982422	-46.15940475463867	1
CTL0137	135.15420532226562	-5.101563453674316	0
CTL0138	89.22149658203125	7.142253398895264	0
CTL0139	88.81551361083984	6.142050266265869	0
CTL0140	63.533145904541016	22.377676010131836	0
CTL0141	32.21791458129883	60.50676345825195	3
CTL0142	90.14226531982422	10.35306167602539	0
CTL0143	-91.86626434326172	4.852670669555664	2
CTL0144	-8.499013900756836	67.99003601074219	3
CTL0145	-7.4910359382629395	68.6252670288086	3
CTL0146	40.0276985168457	67.31446838378906	3
CTL0147	-79.65381622314453	-19.071420669555664	2
CTL0148	-86.34175872802734	81.12596893310547	2
CTL0149	-55.02547073364258	-92.42266845703125	1
CTL0150	-13.471723556518555	20.031076431274414	3
CTL0151	61.16596603393555	13.053595542907715	0
CTL0152	85.45518493652344	54.69490432739258	0
CTL0153	73.47490692138672	26.223325729370117	0
CTL0153A	-89.5275650024414	5.282684326171875	2
CTL0154	52.95363998413086	70.28234100341797	3
CTL0155	65.36212158203125	5.28161096572876	0
CTL0156	-45.85016632080078	-92.80504608154297	1
CTL0157	-112.67892456054688	2.2723474502563477	2
CTL0158	74.72879028320312	41.57465362548828	0
CTL0159	20.274738311767578	-6.3431830406188965	3
CTL0160	62.80121612548828	39.25869369506836	0
CTL0161	-85.67493438720703	82.52140045166016	2
CTL0162	1.8950809240341187	-44.674407958984375	1
CTL0163	-95.82563781738281	46.219974517822266	2
CTL0164	98.30386352539062	-20.855300903320312	0
CTL0165	58.500125885009766	37.40782928466797	0
CTL0166	-3.65181827545166	1.705535888671875	3
CTL0167	124.43214416503906	33.06896209716797	0
CTL0168	142.2257080078125	11.363231658935547	0
CTL0169	-21.07247543334961	48.14424514770508	3
CTL0170	140.4241943359375	2.549530029296875	0
CTL0171	149.9195556640625	11.27668571472168	0
CTL0172	-22.746910095214844	45.975135803222656	3
CTL0173	-40.98725509643555	-66.8673324584961	1
CTL0174	-81.87661743164062	-61.91437911987305	1
CTL0175	-3.6545262336730957	-19.91791534423828	1
CTL0176	-0.3787050247192383	89.73027801513672	3
CTL0177	81.6399154663086	-5.620794773101807	0
CTL0178	5.2806925773620605	-38.499420166015625	1
CTL0179	-11.19139289855957	-49.7564582824707	1
CTL0181	1.198387622833252	-55.446746826171875	1
CTL0182	50.99626159667969	70.281005859375	3
CTL0183	101.53094482421875	-23.829545974731445	0
CTL0184	-30.32190704345703	30.152835845947266	3
CTL0185	-73.68476104736328	40.1624870300293	2
CTL0186	-92.25721740722656	63.79503631591797	2
CTL0187	-6.08737325668335	66.3672866821289	3
CTL0188	89.80440521240234	-26.097000122070312	0
CTL0189	57.09285354614258	6.530141353607178	0
CTL0190	101.11458587646484	-37.593055725097656	0
CTL0191	135.2339630126953	-8.2055025100708	0
CTL0192	73.85152435302734	41.80215835571289	0
CTL0193	-87.88587951660156	-57.05611801147461	1
CTL0194	-83.66413879394531	-52.000213623046875	1
CTL0195	76.16880798339844	37.68944549560547	0
CTL0196	137.00816345214844	6.517090320587158	0
CTL0197	-6.234025001525879	-106.06904602050781	1
CTL0198	11.550834655761719	-62.68737030029297	1
CTL0199	135.11749267578125	6.716646194458008	0
CTL0200	7.674448013305664	68.80188751220703	3
CTL0201	-68.11849212646484	-39.154266357421875	1
CTL0202	-92.31951904296875	5.689106464385986	2
CTL0203	-107.38068389892578	5.337070465087891	2
CTL0204	55.44797897338867	31.853572845458984	0
CTL0205	92.5545654296875	-37.0018196105957	0
CTL0206	-17.922773361206055	14.829545974731445	3
CTL0207	-25.34817123413086	35.21017074584961	3
CTL0208	64.62822723388672	3.869417667388916	0
CTL0209	-29.34725570678711	-110.68378448486328	1
CTL0210	-79.2729263305664	-24.07887077331543	2
CTL0211	2.8877131938934326	-78.72178649902344	1
CTL0212	-0.8092254400253296	-45.37228775024414	1
CTL0213	101.7806396484375	-3.6627891063690186	0
CTL0214	135.15505981445312	-5.8730082511901855	0
CTL0215	60.12815856933594	70.01435089111328	3
CTL0216	-100.91267395019531	7.242476940155029	2
CTL0217	-90.6981201171875	29.544864654541016	2
CTL0218	-71.06596374511719	-26.83426856994629	2
CTL0219	-83.09523010253906	80.92618560791016	2
CTL0220	-82.49527740478516	80.31063079833984	2
CTL0221	-91.08037567138672	69.02732849121094	2
CTL0222	71.9299087524414	41.254913330078125	0
CTL0223	33.97625732421875	67.09522247314453	3
CTL0224	-11.129585266113281	24.532262802124023	3
CTL0225	-18.275651931762695	-33.01071548461914	1
CTL0226	92.22960662841797	-43.96561813354492	0
CTL0227	-22.54184913635254	47.32057189941406	3
CTL0228	-92.1270980834961	-56.225345611572266	1
CTL0231	-10.635583877563477	19.749351501464844	3
CTL0231A	-86.6908187866211	88.57325744628906	2
CTL0231B	-85.98831176757812	89.3717269897461	2
CTL0232	-18.801305770874023	-40.70996856689453	1
CTL0233	72.35184478759766	20.786008834838867	0
CTL0234	101.37511444091797	-20.15575408935547	0
CTL0235	-2.062304735183716	87.6338119506836	3
CTL0236	-58.329994201660156	-57.79225158691406	1
CTL0237	-99.55390930175781	5.01468563079834	2
CTL0238	21.49335289001465	72.17874145507812	3
CTL0243	-106.45005798339844	5.244380950927734	2
CTL0244	7.218880653381348	88.22540283203125	3
CTL0245	73.51229858398438	22.9947452545166	0
CTL0246	-14.983283042907715	-49.565616607666016	1
CTL0247	-10.563459396362305	-109.60417175292969	1
CTL0248	6.552359580993652	1.9849268198013306	3
CTL0249	7.591792583465576	67.40576171875	3
CTL0250	84.94107818603516	54.57780838012695	0
CTL0251	108.41522216796875	-4.2078938484191895	0
CTL0252	-41.25664520263672	-63.03254318237305	1
CTL0254	148.19451904296875	9.783114433288574	0
CTL0255	116.06769561767578	45.94087600708008	0
CTL0256	97.05589294433594	-2.401397705078125	0
CTL0257	11.086956977844238	-79.33679962158203	1
CTL0258	75.47786712646484	-5.048054218292236	0
CTL0259	76.4428482055664	-4.856629848480225	0
CTL0260	-8.871589660644531	-78.22721099853516	1
CTL0261	-98.59425354003906	26.45702362060547	2
CTL0262	64.49857330322266	51.57744598388672	0
CTL0263	-55.27099609375	-82.67308044433594	1
CTL0264	-28.975927352905273	30.699785232543945	3
CTL0265	-9.396807670593262	19.760250091552734	3
CTL0266	-0.14669227600097656	90.59591674804688	3
CTL0267	50.25567626953125	72.90367126464844	3
CTL0268	79.7938461303711	19.398147583007812	0
CTL0269	-6.708857536315918	47.04079818725586	3
CTL0270	-53.91943359375	-68.47315979003906	1
CTL0271	84.1366195678711	-21.035816192626953	0
CTL0272	98.66291046142578	-3.2406177520751953	0
CTL0273	-12.078896522521973	-67.97911834716797	1
CTL0274	108.9630126953125	-35.339046478271484	0
CTL0275	20.27541160583496	71.5576400756836	3
CTL0276	7.141659736633301	-63.79765701293945	1
CTL0277	97.3450698852539	-29.616430282592773	0
CTL0278	15.452771186828613	90.61675262451172	3
CTL0279	-6.215864658355713	1.53706955909729	3
CTL0280	125.34922790527344	-4.891584873199463	0
CTL0281	21.858150482177734	89.4613037109375	3
CTL0282	21.30866241455078	89.51151275634766	3
CTL0283	-46.062477111816406	-87.39185333251953	1
CTL0284	-19.365190505981445	69.31517028808594	3
CTL0285	1.6674329042434692	-91.41050720214844	1
CTL0286	-46.8797492980957	-89.92646026611328	1
CTL0287	11.654939651489258	90.47309112548828	3
CTL0288	3.6872808933258057	-37.49370574951172	1
CTL0289	-9.69512939453125	-42.99916458129883	1
CTL0290	-7.881163120269775	-102.77005767822266	1
CTL0291	-97.30703735351562	25.392322540283203	2
CTL0292	-94.08494567871094	12.342299461364746	2
CTL0293	-65.86031341552734	-53.17979049682617	1
CTL0294	7.993236541748047	74.91483306884766	3
CTL0295	-86.61083221435547	90.28057861328125	2
CTL0296	8.418892860412598	72.23303985595703	3
CTL0297	8.106197357177734	73.29228210449219	3
CTL0298	13.971832275390625	-81.23886108398438	1
CTL0299	127.99971008300781	-5.96985387802124	0
CTL0300	138.13168334960938	-4.015520095825195	0
CTL0301	86.27631378173828	35.106014251708984	0
CTL0302	-76.32147979736328	34.66941452026367	2
CTL0303	-89.92838287353516	-23.574054718017578	2
CTL0304	-3.6115520000457764	-79.44961547851562	1
CTL0305	118.89762878417969	40.804203033447266	0
CTL0306	-77.14977264404297	30.07292366027832	2
CTL0307	-86.17499542236328	-68.17644500732422	1
CTL0308	-9.668320655822754	-0.7535422444343567	3
CTL0309	55.90628433227539	69.78495025634766	3
CTL0310	14.013586044311523	2.375166654586792	3
CTL0311	1.017539381980896	53.51337814331055	3
CTL0312	-84.05302429199219	-62.26800537109375	1
CTL0313	-13.818808555603027	-66.7842788696289	1
CTL0314	-18.432397842407227	-37.540626525878906	1
CTL0315	60.808292388916016	66.994140625	3
CTL0316	-100.57757568359375	-13.709595680236816	2
CTL0317	-58.605430603027344	-85.02188110351562	1
CTL0318	81.11904907226562	-4.315867900848389	0
CTL0319	63.92668151855469	12.196446418762207	0
CTL0320	98.38751983642578	-35.031890869140625	0
CTL0321	90.270263671875	-33.75498580932617	0
CTL0322	32.90217590332031	59.85956573486328	3
CTL0323	56.21864318847656	41.46284866333008	0
CTL0324	-20.318445205688477	76.9280776977539	3
CTL0325	-19.916519165039062	70.2059097290039	3
CTL0326	5.6107587814331055	-21.459945678710938	1
CTL0327	-3.154297351837158	-16.245790481567383	1
CTL0328	62.41484832763672	-8.47966194152832	0
CTL0329	-86.6231918334961	-67.98640441894531	1
CTL0330	2.685490846633911	-55.21022033691406	1
CTL0331	57.6682014465332	36.902503967285156	0
CTL0332	-6.501942157745361	-75.8805160522461	1
CTL0333	-108.36493682861328	5.260701656341553	2
CTL0334	1.9637664556503296	-60.899574279785156	1
CTL0335	-85.754638671875	69.88072204589844	2
CTL0336	116.6821060180664	45.05949783325195	0
CTL0337	-90.44207000732422	41.32505416870117	2
CTL0338	-89.32950592041016	40.23863220214844	2
CTL0338A	-89.19791412353516	69.0808334350586	2
CTL0339	18.4769344329834	6.83622932434082	3
CTL0340	-25.920976638793945	35.33698272705078	3
CTL0341	61.97279739379883	71.18026733398438	3
CTL0342	-88.53559875488281	44.92039108276367	2
CTL0343	-90.96841430664062	61.71998596191406	2
CTL0344	0.2005891650915146	51.939796447753906	3
CTL0345	16.563127517700195	95.99715423583984	3
CTL0346	-46.10051727294922	-93.19136810302734	1
CTL0347	-4.696389675140381	-23.532968521118164	1
CTL0348	-55.0338134765625	-87.04238891601562	1
CTL0349	39.814476013183594	68.68779754638672	3
CTL0350	1.1396430730819702	-59.65103530883789	1
CTL0351	110.48490142822266	-34.14656066894531	0
CTL0352	65.18309783935547	37.88673782348633	0
CTL0353	128.49044799804688	4.693469524383545	0
CTL0354	7.0597615242004395	75.40735626220703	3
CTL0355	-82.86614990234375	-18.037309646606445	2
CTL0356	-68.91128540039062	-41.50590515136719	1
CTL0357	-49.924110412597656	-93.7646713256836	1
CTL0358	-46.490779876708984	-88.90349578857422	1
CTL0359	-22.711315155029297	70.99419403076172	3
CTL0360	-44.65336227416992	-61.532203674316406	1
CTL0361	-95.17427825927734	29.12833595275879	2
CTL0362	-65.16744232177734	-42.36296463012695	1
CTL0363	-6.654644012451172	-93.44452667236328	1
CTL0364	-8.783768653869629	-52.809898376464844	1
CTL0365	141.48973083496094	15.503498077392578	0
CTL0366	102.05996704101562	-19.225383758544922	0
CTL0367	79.43260955810547	-1.1263989210128784	0
CTL0368	101.14826202392578	-24.70146369934082	0
CTL0369	-3.6591908931732178	65.36865997314453	3
CTL0370	98.83531951904297	-27.212631225585938	0
CTL0371	-10.200922966003418	-20.713199615478516	1
CTL0372	84.42733001708984	37.29830551147461	0
CTL0373	-23.17253303527832	80.3720474243164	3
CTL0374	-95.9542465209961	55.84262466430664	2
CTL0375	-88.58769989013672	80.8384017944336	2
CTL0376	-6.226785182952881	20.63983917236328	3
CTL0377	24.226993560791016	61.587223052978516	3
CTL0378	12.863508224487305	-84.07111358642578	1
CTL0379	26.86154556274414	61.65937805175781	3
CTL0380	90.20654296875	-29.843852996826172	0
CTL0381	74.89287567138672	-3.2808947563171387	0
CTL0382	-68.91429138183594	-53.369834899902344	1
CTL0383	-4.0982232093811035	-22.95460319519043	1
CTL0384	-10.620829582214355	-79.31231689453125	1
CTL0385	-14.121179580688477	23.05680274963379	3
CTL0386	-109.64885711669922	-5.025150775909424	2
CTL0387	-91.98307037353516	58.962711334228516	2
CTL0388	-50.72610855102539	-62.81795883178711	1
CTL0389	-17.9679012298584	16.224721908569336	3
CTL0390	-21.513957977294922	36.52052688598633	3
CTL0391	9.037333488464355	95.66302490234375	3
CTL0392	-2.315077781677246	-89.03791046142578	1
CTL0393	12.518450736999512	-58.5589599609375	1
CTL0394	-10.9284029006958	-79.85311889648438	1
CTL0395	-7.097005367279053	-68.84764099121094	1
CTL0396	-18.66865348815918	-39.89651107788086	1
CTL0397	119.8150634765625	39.56137466430664	0
CTL0398	18.592269897460938	6.05456018447876	3
CTL0399	120.18531799316406	38.365631103515625	0
CTL0400	28.582340240478516	60.25902557373047	3
CTL0401	-3.2541964054107666	-25.29807472229004	1
CTL0402	105.67227935791016	-41.01130294799805	0
CTL0403	9.974371910095215	89.04685974121094	3
CTL0404	-90.6048812866211	4.946932792663574	2
CTL0405	-28.257986068725586	33.03765106201172	3
CTL0406	58.087642669677734	4.3523993492126465	0
CTL0407	-66.82349395751953	-53.841552734375	1
CTL0408	19.67420768737793	67.43701934814453	3
CTL0409	-88.8507308959961	66.35693359375	2
CTL0411	-88.64418029785156	67.65233612060547	2
CTL0413	-86.97869873046875	66.86767578125	2
CTL0414	-86.67825317382812	82.90048217773438	2
CTL0415	-86.8929214477539	77.67378234863281	2
CTL0417	-88.47422790527344	65.29334259033203	2
CTL0418	-87.38868713378906	89.57270812988281	2
CTL0419	8.828812599182129	-22.341604232788086	1
CTL0419A	-101.31050109863281	0.7859160900115967	2
CTL0420	-17.543710708618164	-88.25160217285156	1
CTL0421	-69.92088317871094	-40.955535888671875	1
CTL0422	54.82719039916992	9.311906814575195	0
CTL0423	146.7344970703125	6.25361442565918	0
CTL0424	145.91925048828125	5.44753885269165	0
CTL0425	-85.83014678955078	-17.315473556518555	2
CTL0426	-89.40369415283203	71.07392883300781	2
CTL0426A	-86.2129898071289	84.0356216430664	2
CTL0427	12.166718482971191	-61.85445022583008	1
CTL0428	-90.81082153320312	62.52373123168945	2
CTL0429	-97.9859390258789	-13.764245986938477	2
CTL0430	-86.66914367675781	34.773067474365234	2
CTL0431	4.897892951965332	-100.62889099121094	1
CTL0432	64.35124969482422	23.136350631713867	0
CTL0433	-79.36692810058594	29.151321411132812	2
CTL0434	12.640283584594727	95.98982238769531	3
CTL0435	-10.825517654418945	-110.04369354248047	1
CTL0436	-112.06341552734375	5.708054542541504	2
CTL0437	62.43730545043945	-9.03051471710205	0
CTL0438	-1.3716092109680176	89.12388610839844	3
CTL0439	-6.911062717437744	-101.50106048583984	1
CTL0440	76.7904281616211	24.324201583862305	0
CTL0441	82.10821533203125	-0.9593668580055237	0
CTL0442	99.28802490234375	-26.52351951599121	0
CTL0443	-5.351829528808594	-12.975625038146973	1
CTL0444	-57.727325439453125	-58.04549789428711	1
CTL0445	4.905994415283203	-41.04781723022461	1
CTL0446	88.45223236083984	11.708758354187012	0
CTL0447	16.07015037536621	-78.4458236694336	1
CTL0448	-94.62255859375	56.47378158569336	2
CTL0449	2.8067626953125	-63.463623046875	1
CTL0450	-20.17925453186035	75.58116149902344	3
CTL0451	9.910287857055664	-88.65589141845703	1
CTL0452	-53.7472038269043	-65.19152069091797	1
CTL0453	-60.45368194580078	-74.4104232788086	1
CTL0454	-101.86527252197266	0.4378052055835724	2
CTL0455	12.519308090209961	-106.3204574584961	1
CTL0456	-26.12594223022461	29.05307960510254	3
CTL0457	12.498693466186523	-59.74024963378906	1
CTL0458	-65.85966491699219	-41.862388610839844	1
CTL0459	13.601001739501953	-87.35250091552734	1
CTL0460	-1.6386595964431763	13.991740226745605	3
CTL0461	91.02337646484375	-36.840457916259766	0
CTL0462	-21.17889404296875	72.11013793945312	3
CTL0463	-56.0191535949707	-64.68360137939453	1
CTL0464	-102.2309341430664	1.7675315141677856	2
CTL0465	-1.6921747922897339	-43.882850646972656	1
CTL0466	1.3664515018463135	-15.246603965759277	1
CTL0467	78.94517517089844	-4.436807632446289	0
CTL0468	4.676949977874756	79.14336395263672	3
CTL0469	-13.514081001281738	-50.57772445678711	1
CTL0470	-27.314910888671875	-110.2812728881836	1
CTL0471	-94.30058288574219	48.165679931640625	2
CTL0472	-96.19676208496094	24.75592803955078	2
CTL0473	62.87403869628906	12.758166313171387	0
CTL0474	-91.15379333496094	45.43325424194336	2
CTL0475	-68.99137115478516	-56.383331298828125	1
CTL0476	85.28936004638672	36.44435501098633	0
CTL0477	-90.79131317138672	30.5794734954834	2
CTL0477A	6.819180011749268	-98.86898040771484	1
CTL0478	-88.44204711914062	-22.47928810119629	2
CTL0479	-96.94390869140625	21.659469604492188	2
CTL0480	-15.024639129638672	-66.0539321899414	1
CTL0481	-45.551883697509766	-61.28861618041992	1
CTL0482	-15.797582626342773	-53.60567855834961	1
CTL0483	-8.330536842346191	-54.00923156738281	1
CTL0484	-23.513858795166016	43.598541259765625	3
CTL0485	-30.463375091552734	-64.73265838623047	1
CTL0486	-21.289100646972656	33.85353088378906	3
CTL0487	-61.66945266723633	-54.9766845703125	1
CTL0488	7.743168830871582	70.02519989013672	3
CTL0489	-1.5392805337905884	90.57011413574219	3
CTL0490	-6.401865005493164	-23.76271629333496	1
CTL0491	56.085411071777344	39.97561264038086	0
CTL0492	-91.59272766113281	3.4238274097442627	2
CTL0493	129.2187042236328	2.1690917015075684	0
CTL0494	-25.81731605529785	74.3732681274414	3
CTL0495	39.40616989135742	58.22806167602539	3
CTL0496	-96.16016387939453	-19.147645950317383	2
CTL0497	8.201706886291504	-90.54267883300781	1
CTL0498	-51.252079010009766	-87.3580322265625	1
CTL0499	-0.7460880875587463	-46.331295013427734	1
CTL0500	1.6429595947265625	54.78803634643555	3
CTL0500A	-65.16322326660156	-61.84984588623047	1
CTL0501	-24.24411392211914	27.037965774536133	3
CTL0503	132.9776153564453	-4.742311000823975	0
CTL0504	6.845154285430908	-93.5540771484375	1
CTL0505	79.72026062011719	20.057695388793945	0
CTL0506	-7.282567501068115	47.94896697998047	3
CTL0507	-17.740840911865234	-28.76357650756836	1
CTL0508	-56.69638442993164	-75.48157501220703	1
CTL0509	-76.7761001586914	-45.11014938354492	1
CTL0510	9.838927268981934	-22.876134872436523	1
CTL0511	-3.1715445518493652	56.46321487426758	3
CTL0512	1.2337406873703003	-38.18911361694336	1
CTL0513	2.5266530513763428	-42.06549072265625	1
CTL0514	-69.05445098876953	-51.52798843383789	1
CTL0515	-103.98536682128906	6.504356384277344	2
CTL0516	-4.864670276641846	66.0418701171875	3
CTL0517	-1.448895812034607	13.624429702758789	3
CTL0518	-6.441807270050049	48.465396881103516	3
CTL0519	86.7345199584961	55.20297622680664	0
CTL0520	27.826669692993164	60.74319076538086	3
CTL0521	90.1693115234375	-25.050363540649414	0
CTL0522	-9.142465591430664	-102.7294921875	1
CTL0523	-99.06271362304688	-16.991273880004883	2
CTL0524	1.6821588277816772	-43.24881362915039	1
CTL0525	-59.48516082763672	-73.77584075927734	1
CTL0526	-88.94577026367188	-23.79502296447754	2
CTL0527	90.92243194580078	-26.359146118164062	0
CTL0528	38.93391418457031	69.46420288085938	3
CTL0529	-10.776511192321777	-69.10646057128906	1
CTL0530	13.626388549804688	90.93753814697266	3
CTL0531	0.8360125422477722	-91.587646484375	1
CTL0532	-69.69973754882812	-55.74551773071289	1
CTL0533	-66.26990509033203	-63.52544021606445	1
CTL0534	-57.141510009765625	-85.92504119873047	1
CTL0535	91.05879211425781	-24.482345581054688	0
CTL0536	-32.25991439819336	-66.87336730957031	1
CTL0537	-36.21518325805664	-64.4726333618164	1
CTL0538	92.90650939941406	-1.7531498670578003	0
CTL0539	-12.879253387451172	24.28711700439453	3
CTL0540	1.9378324747085571	4.9698100090026855	3
CTL0541	94.69943237304688	-0.8386392593383789	0
CTL0542	-4.384250640869141	22.45803451538086	3
CTL0543	6.57588005065918	-89.6163101196289	1
CTL0544	66.53372192382812	38.782291412353516	0
CTL0545	46.505306243896484	68.51219940185547	3
CTL0546	58.960975646972656	71.19140625	3
CTL0547	100.05923461914062	-35.0670166015625	0
CTL0548	58.17452621459961	13.258447647094727	0
CTL0549	-90.0077896118164	3.133772134780884	2
CTL0550	-6.845254421234131	-95.06092071533203	1
CTL0551	7.709273815155029	1.3420584201812744	3
CTL0552	-74.69133758544922	-22.346994400024414	2
CTL0553	2.013734817504883	-30.330432891845703	1
CTL0554	59.37359619140625	3.3626816272735596	0
CTL0555	-52.54526138305664	-86.19364929199219	1
CTL0556	-65.84397888183594	-62.79293441772461	1
CTL0557	81.85049438476562	38.89125442504883	0
CTL0558	34.2046012878418	68.77937316894531	3
CTL0559	-27.454639434814453	74.765380859375	3
CTL0560	24.967514038085938	62.541934967041016	3
CTL0561	-18.058414459228516	13.08359146118164	3
CTL0562	93.35625457763672	-38.00537872314453	0
CTL0563	-6.2115678787231445	-10.525993347167969	1
CTL0564	0.9626784920692444	-18.731698989868164	1
CTL0565	107.8762435913086	-4.294299125671387	0
CTL0566	140.45347595214844	12.561399459838867	0
CTL0567	128.69015502929688	1.3242398500442505	0
CTL0568	91.88838195800781	-42.682254791259766	0
CTL0569	59.773380279541016	14.359208106994629	0
CTL0570	65.90481567382812	6.955137252807617	0
CTL0571	93.81829833984375	-37.07406997680664	0
CTL0572	69.12356567382812	30.714136123657227	0
CTL0573	-6.978939056396484	1.2480432987213135	3
CTL0574	128.44029235839844	4.001626491546631	0
CTL0575	14.36080551147461	88.80653381347656	3
CTL0576	7.585272312164307	86.02392578125	3
CTL0577	-111.23567962646484	5.000572681427002	2
CTL0578	-17.99546241760254	-88.45841217041016	1
CTL0580	-77.55220794677734	-29.380842208862305	2
CTL0581	70.1510009765625	53.34507369995117	0
CTL0582	3.8771798610687256	-35.857337951660156	1
CTL0583	-5.646047115325928	-24.62569236755371	1
CTL0583A	-19.16499137878418	49.53207015991211	3
CTL0584	-10.11428451538086	-41.97886276245117	1
CTL0585	16.483295440673828	72.96355438232422	3
CTL0586	6.997251510620117	79.90550231933594	3
CTL0587	-11.681473731994629	19.73506736755371	3
CTL0588	20.231061935424805	68.12653350830078	3
CTL0589	-105.07205963134766	3.0748634338378906	2
CTL0590	41.72035217285156	67.44185638427734	3
CTL0591	7.47686767578125	-93.94539642333984	1
CTL0592	-101.56221771240234	7.528601169586182	2
CTL0592A	-95.7596664428711	-19.91366195678711	2
CTL0593	-74.25314331054688	-26.93331527709961	2
CTL0594	72.09648895263672	28.654712677001953	0
CTL0595	56.755760192871094	38.13047409057617	0
CTL0596	-19.555824279785156	33.53378677368164	3
CTL0597	-6.879212379455566	69.75756072998047	3
CTL0598	90.63085174560547	-1.9065167903900146	0
CTL0599	-93.43745422363281	55.403160095214844	2
CTL0600	-6.821401119232178	20.51130485534668	3
CTL0601	-92.85612487792969	53.667327880859375	2
CTL0602	126.28533935546875	-5.426181316375732	0
CTL0603	-14.873408317565918	51.6806526184082	3
CTL0604	19.942821502685547	-7.385417938232422	3
CTL0605	-14.230443954467773	50.54448318481445	3
CTL0606	59.90671920776367	-5.048830986022949	0
CTL0607	73.00055694580078	27.31852149963379	0
CTL0608	6.25217342376709	-19.637588500976562	1
CTL0609	128.0504150390625	-5.068854331970215	0
CTL0610	-81.48180389404297	-50.383358001708984	1
CTL0611A	-72.62922668457031	-28.059127807617188	2
CTL0612	-95.20198059082031	17.28986358642578	2
CTL0613	114.1693115234375	-41.19550323486328	0
CTL0614	11.383284568786621	-86.90773010253906	1
CTL0615	141.5160369873047	12.591229438781738	0
CTL0616	56.106109619140625	27.792280197143555	0
CTL0617	63.59870147705078	52.300662994384766	0
CTL0618	59.92021179199219	-3.713827610015869	0
CTL0619	-23.094057083129883	-109.49852752685547	1
CTL0620	-9.442061424255371	-51.1285514831543	1
CTL0621	-94.14215087890625	12.907197952270508	2
CTL0622	-61.34848403930664	-54.225303649902344	1
CTL0623	-93.34664916992188	28.830373764038086	2
CTL0624	-112.14385223388672	4.0751752853393555	2
CTL0625	-67.70310974121094	-41.00475311279297	1
CTL0626	-12.938041687011719	1.9593315124511719	3
CTL0627	-82.79888916015625	-51.43446350097656	1
CTL0628	-81.35128021240234	29.420930862426758	2
CTL0629	-14.464811325073242	19.436176300048828	3
CTL0630	40.22062301635742	59.201271057128906	3
CTL0631	-57.14436340332031	-91.404296875	1
CTL0633	41.10092544555664	63.033851623535156	3
CTL0634	81.32199096679688	39.02748107910156	0
CTL0635	5.743926048278809	-37.59064483642578	1
CTL0636	40.90297317504883	59.95127487182617	3
CTL0637	6.67578125	-2.6876204013824463	3
CTL0638	115.92605590820312	47.01392364501953	0
CTL0639	-35.39488983154297	-66.07872009277344	1
CTL0640	-4.0184102058410645	-90.54790496826172	1
CTL0641	1.1342601776123047	3.0280425548553467	3
CTL0642	60.51572036743164	68.51810455322266	3
CTL0643	-8.705987930297852	-68.72335052490234	1
CTL0644	-19.26040267944336	50.33236312866211	3
CTL0645	-51.723907470703125	-94.38579559326172	1
CTL0646	-12.164041519165039	-49.82408142089844	1
CTL0647	-76.44371795654297	-27.390769958496094	2
CTL0648	-74.39852142333984	39.58488082885742	2
CTL0649	66.31661987304688	5.864093780517578	0
CTL0650	-24.25678825378418	80.02511596679688	3
CTL0651	17.460954666137695	-78.422119140625	1
CTL0652	99.25548553466797	-20.821516036987305	0
CTL0654	106.61451721191406	-38.76101303100586	0
CTL0655	60.092430114746094	0.6801100969314575	0
CTL0656	41.2087516784668	66.36734771728516	3
CTL0657	-5.102516174316406	21.53628158569336	3
CTL0658	-17.613088607788086	-28.302366256713867	1
CTL0659	113.94115447998047	-40.535099029541016	0
CTL0660	6.2490715980529785	97.26715087890625	3
CTL0661	-15.391931533813477	-0.6312410831451416	3
CTL0662	7.732431411743164	96.75089263916016	3
CTL0663	-10.679368019104004	1.8178648948669434	3
CTL0664	4.760615825653076	-1.4919179677963257	3
CTL0665	-3.5062472820281982	-88.109375	1
CTL0666	-19.098766326904297	48.15098571777344	3
CTL0667	-9.472907066345215	23.98661994934082	3
CTL0668	5.659858703613281	-18.705657958984375	1
CTL0669	-22.207691192626953	80.9605712890625	3
CTL0670	7.509814262390137	66.20645141601562	3
CTL0671	144.06524658203125	13.859777450561523	0
CTL0672	-13.315714836120605	-52.085567474365234	1
CTL0673	-71.43167114257812	-24.9729061126709	2
CTL0674	-72.45397186279297	-24.5412540435791	2
CTL0675	3.4402554035186768	-55.01597595214844	1
CTL0676	127.05274963378906	-4.292544364929199	0
CTL0677	60.30419921875	2.4894657135009766	0
CTL0678	-25.19928741455078	28.522113800048828	3
CTL0679	72.17572784423828	53.13156509399414	0
CTL0680	-28.751873016357422	32.18248748779297	3
CTL0681	-54.10637664794922	-70.63835906982422	1
CTL0682	-53.87295913696289	-67.35482025146484	1
CTL0683	-87.74115753173828	-55.13356018066406	1
CTL0684	65.42278289794922	3.028371810913086	0
CTL0685	12.62937068939209	-83.04869079589844	1
CTL0686	-84.90337371826172	-18.732324600219727	2
CTL0687	-95.43570709228516	45.23737335205078	2
CTL0688	132.43887329101562	-10.196976661682129	0
CTL0689	15.568460464477539	91.5809555053711	3
CTL0690	-12.903362274169922	65.58382415771484	3
CTL0691	96.32351684570312	-34.96704864501953	0
CTL0692	-87.81954193115234	82.0673599243164	2
CTL0693	-89.36890411376953	-17.200284957885742	2
CTL0694	-18.568265914916992	33.091880798339844	3
CTL0695	89.86067962646484	-27.697959899902344	0
CTL0696	139.6781463623047	6.399624347686768	0
CTL0697	140.48043823242188	5.66402006149292	0
CTL0698	57.5928955078125	22.806488037109375	0
CTL0699	-95.44168853759766	18.219064712524414	2
CTL0700	-82.2912368774414	29.238489151000977	2
CTL0701	88.12886810302734	55.817420959472656	0
CTL0702	120.86204528808594	38.89712905883789	0
CTL0703	121.45431518554688	36.98671340942383	0
CTL0704	-74.91909790039062	37.66630935668945	2
CTL0705	107.2149887084961	-40.65218734741211	0
CTL0706	58.97509002685547	-5.997284889221191	0
CTL0707	41.58835220336914	61.45185852050781	3
CTL0708	102.38939666748047	-5.7314629554748535	0
CTL0709	-33.523109436035156	-66.98638916015625	1
CTL0710	5.964765548706055	78.92329406738281	3
CTL0711	8.514883995056152	-79.03499603271484	1
CTL0712	-61.08778762817383	-57.269832611083984	1
CTL0713	3.520845890045166	-78.74127197265625	1
CTL0714	-0.17674817144870758	-16.258813858032227	1
CTL0715	84.8616714477539	-0.8394975066184998	0
CTL0716	-85.47039031982422	-64.56375885009766	1
CTL0717	6.579807281494141	85.50916290283203	3
CTL0718	-60.72095489501953	-72.75296783447266	1
CTL0719	7.722726345062256	-63.78450393676758	1
CTL0720	89.18743896484375	-2.0699360370635986	0
CTL0721	45.28546905517578	66.91295623779297	3
CTL0722	-3.925077438354492	-83.51265716552734	1
CTL0723	-109.27522277832031	-5.518612384796143	2
CTL0724	7.577995300292969	-97.4105453491211	1
CTL0725	-85.18766021728516	72.15299224853516	2
CTL0726	-19.419574737548828	-37.06169509887695	1
CTL0727	-85.37761688232422	-53.22481155395508	1
CTL0728	-87.02909088134766	35.068626403808594	2
CTL0729	-98.56211853027344	44.21014404296875	2
CTL0730	-96.2796859741211	21.65414810180664	2
CTL0731	7.56658411026001	-96.25639343261719	1
CTL0733	-11.62594223022461	-41.1794319152832	1
CTL0734	-68.3965072631836	-35.51268768310547	1
CTL0735	-103.51322174072266	6.965230941772461	2
CTL0736	62.21897888183594	-10.47259521484375	0
CTL0737	73.17263793945312	22.481454849243164	0
CTL0738	-94.42987060546875	-20.569664001464844	2
CTL0739	33.5957145690918	69.2984619140625	3
CTL0740	72.70987701416016	44.59188461303711	0
CTL0741	64.1485366821289	40.242576599121094	0
CTL0742	-89.79925537109375	30.10275650024414	2
CTL0743	5.073685169219971	-4.017826080322266	3
CTL0744	-80.43940734863281	-18.869848251342773	2
CTL0745	-2.761312484741211	1.5568866729736328	3
CTL0746	7.019940376281738	-21.333412170410156	1
CTL0747	-10.972176551818848	66.98715209960938	3
CTL0748	-67.9250259399414	-53.16899108886719	1
CTL0749	-9.49650764465332	-40.86943817138672	1
CTL0750	-28.22378921508789	-110.4830093383789	1
CTL0751	-74.38033294677734	41.014339447021484	2
CTL0752	94.29006958007812	-0.1672043353319168	0
CTL0753	89.68378448486328	7.725831985473633	0
CTL0754	89.1640853881836	56.242008209228516	0
CTL0755	16.761070251464844	5.461246967315674	3
CTL0756	61.14868927001953	33.33001708984375	0
CTL0757	113.17555236816406	-41.570011138916016	0
CTL0758	-86.94976806640625	78.48550415039062	2
CTL0759	8.526634216308594	85.8636703491211	3
CTL0760	111.24195098876953	-35.039283752441406	0
CTL0761	-87.2966079711914	-21.404714584350586	2
CTL0762	151.0353546142578	11.945207595825195	0
CTL0763	-90.19830322265625	-17.263681411743164	2
CTL0764	-53.382652282714844	-93.66259002685547	1
CTL0765	19.45414924621582	-4.129415512084961	3
CTL0766	88.22752380371094	-2.571178436279297	0
CTL0767	126.99977111816406	-2.589390993118286	0
CTL0768	-3.770345687866211	-10.988429069519043	1
CTL0769	90.15991973876953	-32.62389373779297	0
CTL0770	19.32306671142578	71.53721618652344	3
CTL0771	57.579429626464844	24.32245445251465	0
CTL0772	79.7083969116211	-4.325697422027588	0
CTL0773	-23.757863998413086	73.45664978027344	3
CTL0774	-20.60027503967285	77.6092300415039	3
CTL0775	-24.619430541992188	74.1681900024414	3
CTL0776	2.7637195587158203	-15.165603637695312	1
CTL0777	10.089855194091797	-78.91942596435547	1
CTL0778	5.394440650939941	-17.233810424804688	1
CTL0779	7.612216949462891	-92.08707427978516	1
CTL0780	1.268560767173767	-58.41341018676758	1
CTL0781	-18.29592514038086	-33.63380813598633	1
CTL0782	-93.2249526977539	27.561635971069336	2
CTL0783	-9.530625343322754	0.06221017986536026	3
CTL0784	-8.652216911315918	-75.07176971435547	1
CTL0785	-8.03477954864502	-75.62744140625	1
CTL0786	-9.93773078918457	-68.91383361816406	1
CTL0787	58.57471466064453	23.992290496826172	0
CTL0788	-45.44824981689453	-86.88768005371094	1
CTL0789	54.16713333129883	31.01924705505371	0
CTL0790	55.980995178222656	33.62930679321289	0
CTL0791	72.8083267211914	-1.059951663017273	0
CTL0792	12.515898704528809	-60.81425476074219	1
CTL0793	45.06273651123047	67.65441131591797	3
CTL0794	-57.84193801879883	-91.45049285888672	1
CTL0795	73.47240447998047	43.16404724121094	0
CTL0796	-4.889698505401611	46.442588806152344	3
CTL0797	-2.4960436820983887	56.42457580566406	3
CTL0798	7.867671966552734	-19.3795108795166	1
CTL0799	-5.479090213775635	-11.535027503967285	1
CTL0800	100.503662109375	-36.37647247314453	0
CTL0801	55.3057975769043	30.56673240661621	0
CTL0802	-18.052406311035156	50.05660629272461	3
CTL0803	67.70590209960938	4.875832557678223	0
CTL0804	141.4959259033203	6.019943714141846	0
CTL0805	59.1472282409668	13.661002159118652	0
CTL0806	137.2481689453125	5.375213623046875	0
CTL0807	34.05668258666992	66.32730865478516	3
CTL0808	-33.037296295166016	-111.75529479980469	1
CTL0809	-28.135269165039062	75.04175567626953	3
CTL0810	-80.25092315673828	-20.023357391357422	2
CTL0811	1.8644928932189941	-59.1376953125	1
CTL0812	-80.87777709960938	-49.89308166503906	1
CTL0813	-6.810619354248047	71.12139892578125	3
CTL0814	-98.01908111572266	44.725521087646484	2
CTL0815	-75.83751678466797	-20.7750301361084	2
CTL0817	57.008338928222656	25.494861602783203	0
CTL0818	-23.2582950592041	-108.94437408447266	1
CTL0819	132.00604248046875	-5.332519054412842	0
CTL0820	96.75187683105469	-33.452964782714844	0
CTL0821	-6.689701557159424	-46.887115478515625	1
CTL0822	62.06689453125	2.848956823348999	0
CTL0823	-2.659282684326172	-89.86565399169922	1
CTL0824	7.804904460906982	-100.41646575927734	1
CTL0825	-100.39213562011719	-15.377968788146973	2
CTL0826	-103.47567749023438	-17.060625076293945	2
CTL0827	-97.32298278808594	-18.7769832611084	2
CTL0828	124.68417358398438	32.764278411865234	0
CTL0829	-65.5014419555664	-54.268821716308594	1
CTL0830	-88.68942260742188	-24.585834503173828	2
CTL0831	-99.23939514160156	5.722899913787842	2
CTL0832	-79.28645324707031	-24.603178024291992	2
CTL0833	-61.8611946105957	-57.92500305175781	1
CTL0834	7.739984035491943	-78.99510192871094	1
CTL0835	7.254849910736084	77.20256805419922	3
CTL0836	-9.231412887573242	-50.49736404418945	1
CTL0837	1.4626163244247437	-30.109237670898438	1
CTL0838	16.277982711791992	6.138450622558594	3
CTL0839	-74.34493255615234	38.435264587402344	2
CTL0840	-82.44197845458984	79.31666564941406	2
CTL0841	-79.6321792602539	30.276588439941406	2
CTL0842	-78.74909973144531	31.107803344726562	2
CTL0843	-5.574130535125732	-75.20044708251953	1
CTL0844	90.70496368408203	-42.593788146972656	0
CTL0845	-24.664743423461914	29.78838348388672	3
CTL0846	-3.9318199157714844	-82.9843978881836	1
CTL0847	30.214157104492188	58.28315734863281	3
CTL0848	89.23690032958984	-35.696163177490234	0
CTL0849	-2.2741494178771973	-17.18692398071289	1
CTL0850	56.46084213256836	37.00498580932617	0
CTL0851	-58.59884262084961	-73.00088500976562	1
CTL0852	-90.00887298583984	46.020233154296875	2
CTL0853	19.104154586791992	-3.182485580444336	3
CTL0854	-88.93708801269531	-56.0742073059082	1
CTL0855	-81.3525390625	-61.31633377075195	1
CTL0856	-75.16740417480469	-47.43299865722656	1
CTL0858	-6.672539234161377	-95.66104125976562	1
CTL0859	-14.753620147705078	0.09844248741865158	3
CTL0860	-54.65282440185547	-73.72486114501953	1
CTL0861	-92.7041244506836	56.82735824584961	2
CTL0861A	-85.38510131835938	71.4051284790039	2
CTL0862	-18.131765365600586	17.402591705322266	3
CTL0863	10.524627685546875	96.71224975585938	3
CTL0864	2.7046051025390625	-45.825767517089844	1
CTL0865	-90.51563262939453	-56.05366897583008	1
CTL0866	133.06756591796875	-10.145841598510742	0
CTL0867	21.86530113220215	-5.048251152038574	3
CTL0868	19.63669204711914	-8.455692291259766	3
CTL0869	1.9055930376052856	-19.14911651611328	1
CTL0870	-100.91322326660156	-16.016271591186523	2
CTL0871	-40.36295700073242	-66.30128479003906	1
CTL0872	57.82374572753906	5.910458564758301	0
CTL0873	-102.26741027832031	-16.079099655151367	2
CTL0874	141.99172973632812	14.31887149810791	0
CTL0875	77.44776916503906	-6.455966949462891	0
CTL0876	52.181785583496094	69.56059265136719	3
CTL0877	136.26551818847656	-4.609343528747559	0
CTL0878	-16.056827545166016	-1.4081709384918213	3
CTL0879	106.45120239257812	-40.05738067626953	0
CTL0880	-9.801156997680664	24.644357681274414	3
CTL0881	61.071651458740234	-4.963938236236572	0
CTL0882	52.67288589477539	31.93517303466797	0
CTL0883	16.606252670288086	3.499528646469116	3
CTL0884	115.23055267333984	47.32693099975586	0
CTL0885	3.4719934463500977	56.24879837036133	3
CTL0886	-32.54676055908203	-110.65666961669922	1
CTL0887	138.9333953857422	3.7631149291992188	0
CTL0888	58.61642837524414	70.22906494140625	3
CTL0889	15.061453819274902	95.85135650634766	3
CTL0890	95.50236511230469	-35.4759635925293	0
CTL0891	16.82610321044922	90.83710479736328	3
CTL0892	-7.676294803619385	67.3985366821289	3
CTL0893	-13.198389053344727	50.09872055053711	3
CTL0894	-91.81221008300781	-57.10200119018555	1
CTL0895	84.45697784423828	-21.443052291870117	0
CTL0897	83.08679962158203	-9.020557403564453	0
